dataset-drone/0.jpg -0.0 0.0 0.0 0.0 0.0 0.0
dataset-drone/1.jpg -0.0 0.0 0.0 0.0 0.0 0.0
dataset-drone/2.jpg -0.0 0.0 0.0 0.0 0.0 0.0
dataset-drone/3.jpg 1.0 -0.0 0.0 0.0 0.0 0.0
dataset-drone/4.jpg 1.0 -0.0 0.0 0.0 0.0 0.0
dataset-drone/5.jpg 1.0 -0.0 1.0 0.0 0.0 0.0
dataset-drone/6.jpg 1.0 -0.0 -0.0 0.0 0.0 -0.0
dataset-drone/7.jpg 1.0 -0.0 -0.0 0.0 0.0 -0.0
dataset-drone/8.jpg 1.0 -0.0 -0.0 0.0 0.0 -0.0
dataset-drone/9.jpg 1.0 -0.0 -0.0 0.0 0.0 -0.0
dataset-drone/10.jpg 1.0 -0.0 -0.0 0.0 0.0 -0.0
dataset-drone/11.jpg 1.0 -0.0124531583861 -0.0 0.0 0.0 -0.0
dataset-drone/12.jpg 1.0 -0.0124531583861 -0.0 0.0 0.0 -0.0
dataset-drone/13.jpg 1.0 -0.0233113225549 -0.0 0.0 0.0 -0.0
dataset-drone/14.jpg 1.0 -0.0124531583861 -0.0 0.0 0.0 -0.0
dataset-drone/15.jpg 1.0 -0.0124531583861 -0.0 0.0 0.0 -0.0
dataset-drone/16.jpg 1.0 -0.0124531583861 -0.0 0.0 0.0 -0.0
dataset-drone/17.jpg 1.0 -0.0124531583861 -0.0 0.0 0.0 -0.0
dataset-drone/18.jpg 1.0 -0.0124531583861 -0.0 0.0 0.0 -0.0
dataset-drone/19.jpg 1.0 -0.0124531583861 -0.0 0.0 0.0 -0.0
dataset-drone/20.jpg 1.0 -0.0124531583861 -0.0 0.0 0.0 -0.0
dataset-drone/21.jpg 1.0 -0.0124531583861 -0.0 0.0 0.0 -0.0
dataset-drone/22.jpg 1.0 -0.0124531583861 -0.0 0.0 0.0 -0.0
dataset-drone/23.jpg 1.0 -0.0 -0.0 0.0 0.0 -0.0
dataset-drone/24.jpg 1.0 -0.0 -0.0 0.0 0.0 -0.0
dataset-drone/25.jpg 1.0 -0.0 -0.0 0.0 0.0 -0.0
dataset-drone/26.jpg 1.0 -0.0 -0.0 0.0 0.0 -0.0
dataset-drone/27.jpg 1.0 -0.0 -0.0 0.0 0.0 -0.0
dataset-drone/28.jpg 1.0 -0.0 -0.0 0.0 0.0 -0.0
dataset-drone/29.jpg 1.0 -0.0 -0.0 0.0 0.0 -0.0
dataset-drone/30.jpg 1.0 -0.0 -0.0 0.0 0.0 -0.0
dataset-drone/31.jpg 1.0 -0.0 -0.0 0.0 0.0 -0.0
dataset-drone/32.jpg 1.0 -0.0 -0.0 0.0 0.0 -0.0
dataset-drone/33.jpg 1.0 -0.0667118579149 -0.0 0.0 0.0 -0.0
dataset-drone/34.jpg 1.0 -0.468271195889 -0.0 0.0 0.0 -0.0
dataset-drone/35.jpg 1.0 -0.262062430382 -0.0 0.0 0.0 -0.0
dataset-drone/36.jpg 1.0 -0.0 -0.0 0.0 0.0 -0.0
dataset-drone/37.jpg 1.0 -0.0 -0.0 0.0 0.0 -0.0
dataset-drone/38.jpg 1.0 -0.0 -0.0 0.0 0.0 -0.0
dataset-drone/39.jpg 1.0 -0.0 -0.0 0.0 0.0 -0.0
dataset-drone/40.jpg 1.0 -0.0 -0.0 0.0 0.0 -0.0
dataset-drone/41.jpg 1.0 -0.0 -0.0 0.0 0.0 -0.0
dataset-drone/42.jpg 1.0 -0.0 -0.0 0.0 0.0 -0.0
dataset-drone/43.jpg 1.0 -0.0 -0.0 0.0 0.0 -0.186087414622
dataset-drone/44.jpg 1.0 -0.0 -0.0 0.0 0.0 -0.272920608521
dataset-drone/45.jpg 1.0 -0.0 -0.0 0.0 0.0 -0.272920608521
dataset-drone/46.jpg 1.0 -0.0 -0.0 0.0 0.0 -0.240346118808
dataset-drone/47.jpg 1.0 -0.0 -0.0 0.0 0.0 -0.0450276508927
dataset-drone/48.jpg 1.0 -0.0 -0.0 0.0 0.0 -0.0341694876552
dataset-drone/49.jpg 1.0 -0.0 -0.0 0.0 0.0 -0.218661904335
dataset-drone/50.jpg 1.0 -0.0 -0.0 0.0 0.0 -0.0450276508927
dataset-drone/51.jpg 1.0 -0.0 -0.0 0.0 0.0 -0.142686888576
dataset-drone/52.jpg 1.0 -0.0 -0.0 0.0 0.0 -0.0450276508927
dataset-drone/53.jpg 1.0 -0.0 -0.0 0.0 0.0 -0.0450276508927
dataset-drone/54.jpg 1.0 -0.0 -0.0 0.0 0.0 -0.0775700211525
dataset-drone/55.jpg 1.0 -0.0 -0.0 0.0 0.0 -0.0
dataset-drone/56.jpg 1.0 -0.0 -0.0 0.0 0.0 -0.0
dataset-drone/57.jpg 1.0 -0.0 -0.0 0.0 0.0 -0.121002674103
dataset-drone/58.jpg 1.0 -0.0 -0.0 0.0 0.0 -0.142686888576
dataset-drone/59.jpg 1.0 -0.0 -0.0 0.0 0.0 -0.131828710437
dataset-drone/60.jpg 1.0 -0.0 -0.0 0.0 0.0 -0.00162711844314
dataset-drone/61.jpg 1.0 -0.0 -0.0 0.0 0.0 -0.0450276508927
dataset-drone/62.jpg 1.0 -0.0 -0.0 0.0 0.0 -0.0
dataset-drone/63.jpg 1.0 -0.0 -0.0 0.0 0.0 -0.0
dataset-drone/64.jpg 1.0 -0.0 -0.0 0.0 0.0 -0.0
dataset-drone/65.jpg 1.0 -0.0 1.0 0.0 0.0 -0.0
dataset-drone/66.jpg 1.0 -0.0 -0.0 0.0 0.0 -0.0
dataset-drone/67.jpg 1.0 -0.121002674103 -0.0 0.0 0.0 -0.0
dataset-drone/68.jpg 1.0 -0.121002674103 -0.0 0.0 0.0 -0.0341694876552
dataset-drone/69.jpg 1.0 -0.0341694876552 -0.0 0.0 0.0 -0.0341694876552
dataset-drone/70.jpg 1.0 -0.0 -0.0 0.0 0.0 -0.0341694876552
dataset-drone/71.jpg 1.0 -0.0 -0.0 0.0 0.0 -0.207803741097
dataset-drone/72.jpg 1.0 -0.0 -0.0 0.0 0.0 -0.0341694876552
dataset-drone/73.jpg 1.0 -0.0 -0.0 0.0 0.0 -0.131828710437
dataset-drone/74.jpg 1.0 0.0450597777963 -0.0 0.0 0.0 -0.0450276508927
dataset-drone/75.jpg 1.0 0.0342016108334 -0.0 0.0 0.0 -0.0667118579149
dataset-drone/76.jpg 1.0 0.0342016108334 -0.0 0.0 0.0 -0.207803741097
dataset-drone/77.jpg 1.0 -0.0 -0.0 0.0 0.0 -0.218661904335
dataset-drone/78.jpg 1.0 -0.0 -0.0 0.0 0.0 -0.0233113225549
dataset-drone/79.jpg 1.0 -0.0 -0.0 0.0 0.0 -0.207803741097
dataset-drone/80.jpg 1.0 -0.0 -0.0 0.0 0.0 -0.218661904335
dataset-drone/81.jpg 1.0 -0.0 -0.0 0.0 0.0 -0.0233113225549
dataset-drone/82.jpg 1.0 -0.0 -0.0 0.0 0.0 -0.0
dataset-drone/83.jpg 1.0 -0.0 -0.0 0.0 0.0 -0.0
dataset-drone/84.jpg 1.0 -0.0 -0.0 0.0 0.0 -0.0558858141303
dataset-drone/85.jpg 1.0 -0.0 -0.0 0.0 0.0 -0.0775700211525
dataset-drone/86.jpg 1.0 -0.0 -0.0 0.0 0.0 -0.207803741097
dataset-drone/87.jpg 1.0 -0.0 -0.0 0.0 0.0 -0.186087414622
dataset-drone/88.jpg 1.0 -0.0 -0.0 0.0 0.0 -0.110144510865
dataset-drone/89.jpg 1.0 -0.0 -0.0 0.0 0.0 -0.0233113225549
dataset-drone/90.jpg 1.0 -0.0 -0.0 0.0 0.0 -0.110144510865
dataset-drone/91.jpg 1.0 -0.0 -0.0 0.0 0.0 -0.0
dataset-drone/92.jpg 1.0 -0.0 -0.0 0.0 0.0 -0.0
dataset-drone/93.jpg 1.0 -0.0 -0.0 0.0 0.0 -0.110144510865
dataset-drone/94.jpg 1.0 -0.0 -0.0 0.0 0.0 -0.186087414622
dataset-drone/95.jpg 1.0 -0.0 -0.0 0.0 0.0 -0.370579838753
dataset-drone/96.jpg 1.0 -0.0 -0.0 0.0 0.0 -0.175261378288
dataset-drone/97.jpg 1.0 -0.0 -0.0 0.0 0.0 -0.0
dataset-drone/98.jpg 1.0 -0.0 -0.0 0.0 0.0 -0.0
dataset-drone/99.jpg 1.0 -0.0 -0.0 0.0 0.0 -0.00162711844314
dataset-drone/100.jpg 1.0 -0.0 -0.0 0.0 0.0 -0.110144510865
dataset-drone/101.jpg 1.0 -0.0 -0.0 0.0 0.0 -0.0341694876552
dataset-drone/102.jpg 1.0 -0.0 -0.0 0.0 0.0 -0.0
dataset-drone/103.jpg 1.0 -0.0 -0.0 0.0 0.0 -0.0
dataset-drone/104.jpg 1.0 -0.0 -0.0 0.0 0.0 -0.00162711844314
dataset-drone/105.jpg 1.0 -0.0 -0.0 0.0 0.0 -0.0
dataset-drone/106.jpg 1.0 -0.0 -0.0 0.0 0.0 -0.0
dataset-drone/107.jpg 1.0 -0.0 -0.0 0.0 0.0 -0.0
dataset-drone/108.jpg 1.0 -0.0 -0.0 0.0 0.0 -0.0667118579149
dataset-drone/109.jpg 1.0 -0.0 -0.0 0.0 0.0 -0.0
dataset-drone/110.jpg 1.0 -0.0 -0.0 0.0 0.0 -0.0
dataset-drone/111.jpg 1.0 -0.0 -0.0 0.0 0.0 -0.0
dataset-drone/112.jpg 1.0 -0.0 -0.0 0.0 0.0 -0.0
dataset-drone/113.jpg 1.0 -0.0 -0.0 0.0 0.0 -0.0
dataset-drone/114.jpg 1.0 -0.0 -0.0 0.0 0.0 -0.0
dataset-drone/115.jpg 1.0 -0.0 -0.0 0.0 0.0 -0.0
dataset-drone/116.jpg 1.0 -0.0 -0.0 0.0 0.0 -0.0
dataset-drone/117.jpg 1.0 -0.0 -0.0 0.0 0.0 -0.0
dataset-drone/118.jpg 1.0 -0.0 -0.0 0.0 0.0 -0.0
dataset-drone/119.jpg 1.0 -0.131828710437 -0.0 0.0 0.0 0.294669061899
dataset-drone/120.jpg 1.0 -0.142686888576 -0.0 0.0 0.0 -0.0
dataset-drone/121.jpg 1.0 -0.153545051813 -0.0 0.0 0.0 0.294669061899
dataset-drone/122.jpg 1.0 -0.142686888576 -0.0 0.0 0.0 0.24037823081
dataset-drone/123.jpg 1.0 -0.142686888576 -0.0 0.0 0.0 0.251236408949
dataset-drone/124.jpg 1.0 -0.153545051813 -0.0 0.0 0.0 0.294669061899
dataset-drone/125.jpg 1.0 -0.142686888576 -0.0 0.0 0.0 0.435728818178
dataset-drone/126.jpg 1.0 -0.142686888576 -0.0 0.0 0.0 0.359753787518
dataset-drone/127.jpg 1.0 -0.153545051813 -0.0 0.0 0.0 0.370611965656
dataset-drone/128.jpg 1.0 -0.142686888576 -0.0 0.0 0.0 0.294669061899
dataset-drone/129.jpg 1.0 -0.142686888576 -0.0 0.0 0.0 0.251236408949
dataset-drone/130.jpg 1.0 -0.142686888576 -0.0 0.0 0.0 -0.0
dataset-drone/131.jpg 1.0 -0.153545051813 -0.0 0.0 0.0 -0.0
dataset-drone/132.jpg 1.0 -0.142686888576 -0.0 0.0 0.0 -0.0
dataset-drone/133.jpg 1.0 -0.142686888576 -0.0 0.0 0.0 0.370611965656
dataset-drone/134.jpg 1.0 -0.153545051813 -0.0 0.0 0.0 0.348927766085
dataset-drone/135.jpg 1.0 -0.142686888576 -0.0 0.0 0.0 0.077602148056
dataset-drone/136.jpg 1.0 -0.142686888576 -0.0 0.0 0.0 -0.0
dataset-drone/137.jpg 1.0 -0.142686888576 -0.0 0.0 0.0 -0.0
dataset-drone/138.jpg 1.0 -0.153545051813 -0.0 0.0 0.0 -0.0
dataset-drone/139.jpg 1.0 -0.142686888576 -0.0 0.0 0.0 -0.0
dataset-drone/140.jpg 1.0 -0.142686888576 -0.0 0.0 0.0 0.164435341954
dataset-drone/141.jpg 1.0 -0.153545051813 -0.0 0.0 0.0 0.272952735424
dataset-drone/142.jpg 1.0 -0.142686888576 -0.0 0.0 0.0 0.294669061899
dataset-drone/143.jpg 1.0 -0.142686888576 -0.0 0.0 0.0 0.435728818178
dataset-drone/144.jpg 1.0 -0.142686888576 -0.0 0.0 0.0 -0.0
dataset-drone/145.jpg 1.0 -0.153545051813 -0.0 0.0 0.0 -0.0
dataset-drone/146.jpg 1.0 -0.142686888576 -0.0 0.0 0.0 -0.0
dataset-drone/147.jpg 1.0 -0.153545051813 -0.0 0.0 0.0 -0.0
dataset-drone/148.jpg 1.0 -0.142686888576 -0.0 0.0 0.0 -0.0
dataset-drone/149.jpg 1.0 -0.142686888576 -0.0 0.0 0.0 -0.0
dataset-drone/150.jpg 1.0 -0.153545051813 -0.0 0.0 0.0 -0.0
dataset-drone/151.jpg 1.0 -0.142686888576 -0.0 0.0 0.0 -0.0
dataset-drone/152.jpg 1.0 -0.142686888576 -0.0 0.0 0.0 -0.0
dataset-drone/153.jpg 1.0 -0.142686888576 1.0 0.0 0.0 -0.0
dataset-drone/154.jpg 1.0 -0.142686888576 -0.0 0.0 0.0 -0.0
dataset-drone/155.jpg 1.0 -0.142686888576 -0.0 0.0 0.0 -0.0
dataset-drone/156.jpg 1.0 -0.142686888576 -0.0 0.0 0.0 -0.0
dataset-drone/157.jpg 1.0 -0.142686888576 -0.0 0.0 0.0 -0.0
dataset-drone/158.jpg 1.0 -0.142686888576 -0.0 0.0 0.0 -0.0
dataset-drone/159.jpg 1.0 -0.142686888576 -0.0 0.0 0.0 -0.0
dataset-drone/160.jpg 1.0 -0.142686888576 -0.0 0.0 0.0 0.0993184745312
dataset-drone/161.jpg 1.0 -0.142686888576 -0.0 0.0 0.0 -0.0
dataset-drone/162.jpg 1.0 -0.142686888576 -0.0 0.0 0.0 -0.0
dataset-drone/163.jpg 1.0 -0.142686888576 -0.0 0.0 0.0 -0.0
dataset-drone/164.jpg 1.0 -0.142686888576 -0.0 0.0 0.0 -0.0
dataset-drone/165.jpg 1.0 -0.142686888576 -0.0 0.0 0.0 -0.0
dataset-drone/166.jpg 1.0 -0.142686888576 -0.0 0.0 0.0 -0.0
dataset-drone/167.jpg 1.0 -0.142686888576 -0.0 0.0 0.0 -0.0
dataset-drone/168.jpg 1.0 -0.142686888576 -0.0 0.0 0.0 -0.0
dataset-drone/169.jpg 1.0 -0.142686888576 -0.0 0.0 0.0 -0.0
dataset-drone/170.jpg 1.0 -0.142686888576 -0.0 0.0 0.0 -0.0
dataset-drone/171.jpg 1.0 -0.142686888576 -0.0 0.0 0.0 -0.0
dataset-drone/172.jpg 1.0 -0.142686888576 -0.0 0.0 0.0 0.24037823081
dataset-drone/173.jpg 1.0 -0.142686888576 -0.0 0.0 0.0 0.110176637769
dataset-drone/174.jpg 1.0 -0.142686888576 -0.0 0.0 0.0 -0.0
dataset-drone/175.jpg 1.0 -0.142686888576 -0.0 0.0 0.0 0.28381088376
dataset-drone/176.jpg 1.0 -0.142686888576 -0.0 0.0 0.0 -0.0
dataset-drone/177.jpg 1.0 -0.142686888576 -0.0 0.0 0.0 0.24037823081
dataset-drone/178.jpg 1.0 -0.142686888576 -0.0 0.0 0.0 0.218694031239
dataset-drone/179.jpg 1.0 -0.142686888576 -0.0 0.0 0.0 -0.0
dataset-drone/180.jpg 1.0 -0.153545051813 -0.0 0.0 0.0 -0.0
dataset-drone/181.jpg 1.0 -0.142686888576 -0.0 0.0 0.0 0.229552194476
dataset-drone/182.jpg 1.0 -0.142686888576 -0.0 0.0 0.0 -0.0
dataset-drone/183.jpg 1.0 -0.153545051813 -0.0 0.0 0.0 -0.0
dataset-drone/184.jpg 1.0 -0.142686888576 -0.0 0.0 0.0 0.348927766085
dataset-drone/185.jpg 1.0 -0.142686888576 -0.0 0.0 0.0 -0.0
dataset-drone/186.jpg 1.0 -0.153545051813 -0.0 0.0 0.0 0.0342016108334
dataset-drone/187.jpg 1.0 -0.153545051813 -0.0 0.0 0.0 -0.0
dataset-drone/188.jpg 1.0 -0.142686888576 -0.0 0.0 0.0 -0.0
dataset-drone/189.jpg 1.0 -0.153545051813 -0.0 0.0 0.0 -0.0
dataset-drone/190.jpg 1.0 -0.142686888576 -0.0 0.0 0.0 0.0884603112936
dataset-drone/191.jpg 1.0 -0.142686888576 -0.0 0.0 0.0 0.251236408949
dataset-drone/192.jpg 1.0 -0.153545051813 -0.0 0.0 0.0 -0.0
dataset-drone/193.jpg 1.0 -0.142686888576 -0.0 0.0 0.0 0.0342016108334
dataset-drone/194.jpg 1.0 -0.142686888576 -0.0 0.0 0.0 0.392328292131
dataset-drone/195.jpg 1.0 -0.153545051813 -0.0 0.0 0.0 -0.0
dataset-drone/196.jpg 1.0 -0.142686888576 -0.0 0.0 0.0 0.338069587946
dataset-drone/197.jpg 1.0 -0.142686888576 -0.0 0.0 0.0 0.0233434475958
dataset-drone/198.jpg 1.0 -0.142686888576 -0.0 0.0 0.0 0.142719000578
dataset-drone/199.jpg 1.0 -0.153545051813 -0.0 0.0 0.0 0.370611965656
dataset-drone/200.jpg 1.0 -0.142686888576 -0.0 0.0 0.0 0.196977704763
dataset-drone/201.jpg 1.0 -0.142686888576 -0.0 0.0 0.0 -0.0
dataset-drone/202.jpg 1.0 -0.153545051813 -0.0 0.0 0.0 0.207835868001
dataset-drone/203.jpg 1.0 -0.142686888576 -0.0 0.0 0.0 0.207835868001
dataset-drone/204.jpg 1.0 -0.142686888576 -0.0 0.0 0.0 0.0124852824956
dataset-drone/205.jpg 1.0 -0.153545051813 -0.0 0.0 0.0 -0.0
dataset-drone/206.jpg 1.0 -0.142686888576 -0.0 0.0 0.0 -0.0
dataset-drone/207.jpg 1.0 -0.142686888576 -0.0 0.0 0.0 -0.0
dataset-drone/208.jpg 1.0 -0.153545051813 -0.0 0.0 0.0 -0.0
dataset-drone/209.jpg 1.0 -0.142686888576 -0.0 0.0 0.0 0.186119541526
dataset-drone/210.jpg 1.0 -0.142686888576 -0.0 0.0 0.0 0.077602148056
dataset-drone/211.jpg 1.0 -0.153545051813 -0.0 0.0 0.0 -0.0
dataset-drone/212.jpg 1.0 -0.142686888576 -0.0 0.0 0.0 -0.0
dataset-drone/213.jpg 1.0 -0.142686888576 -0.0 0.0 0.0 -0.0
dataset-drone/214.jpg 1.0 -0.153545051813 -0.0 0.0 0.0 -0.0
dataset-drone/215.jpg 1.0 -0.153545051813 -0.0 0.0 0.0 -0.0
dataset-drone/216.jpg 1.0 -0.142686888576 -0.0 0.0 0.0 -0.0
dataset-drone/217.jpg 1.0 -0.142686888576 -0.0 0.0 0.0 -0.0
dataset-drone/218.jpg 1.0 -0.153545051813 -0.0 0.0 0.0 -0.0
dataset-drone/219.jpg 1.0 -0.142686888576 -0.0 0.0 0.0 -0.0
dataset-drone/220.jpg 1.0 -0.142686888576 -0.0 0.0 0.0 -0.0
dataset-drone/221.jpg 1.0 -0.153545051813 -0.0 0.0 0.0 -0.0
dataset-drone/222.jpg 1.0 -0.142686888576 -0.0 0.0 0.0 -0.0
dataset-drone/223.jpg 1.0 -0.142686888576 -0.0 0.0 0.0 -0.0
dataset-drone/224.jpg 1.0 -0.153545051813 -0.0 0.0 0.0 0.13186083734
dataset-drone/225.jpg 1.0 -0.153545051813 -0.0 0.0 0.0 -0.0
dataset-drone/226.jpg 1.0 -0.142686888576 -0.0 0.0 0.0 -0.0
dataset-drone/227.jpg 1.0 -0.142686888576 -0.0 0.0 0.0 -0.0
dataset-drone/228.jpg 1.0 -0.153545051813 -0.0 0.0 0.0 -0.0
dataset-drone/229.jpg 1.0 -0.142686888576 -0.0 0.0 0.0 -0.0
dataset-drone/230.jpg 1.0 -0.142686888576 -0.0 0.0 0.0 -0.0
dataset-drone/231.jpg 1.0 -0.153545051813 -0.0 0.0 0.0 -0.0
dataset-drone/232.jpg 1.0 -0.142686888576 -0.0 0.0 0.0 -0.0
dataset-drone/233.jpg 1.0 -0.142686888576 -0.0 0.0 0.0 -0.0
dataset-drone/234.jpg 1.0 -0.153545051813 -0.0 0.0 0.0 -0.0
dataset-drone/235.jpg 1.0 -0.142686888576 -0.0 0.0 0.0 -0.0
dataset-drone/236.jpg 1.0 -0.142686888576 -0.0 0.0 0.0 -0.0
dataset-drone/237.jpg 1.0 -0.153545051813 -0.0 0.0 0.0 -0.0
dataset-drone/238.jpg 1.0 -0.142686888576 -0.0 0.0 0.0 -0.0
dataset-drone/239.jpg 1.0 -0.142686888576 -0.0 0.0 0.0 -0.0
dataset-drone/240.jpg 1.0 -0.131828710437 -0.0 0.0 0.0 -0.0
dataset-drone/241.jpg 1.0 -0.131828710437 -0.0 0.0 0.0 -0.0450276508927
dataset-drone/242.jpg 1.0 -0.131828710437 -0.0 0.0 0.0 -0.0450276508927
dataset-drone/243.jpg 1.0 -0.131828710437 -0.0 0.0 0.0 -0.0450276508927
dataset-drone/244.jpg 1.0 -0.131828710437 -0.0 0.0 0.0 -0.0
dataset-drone/245.jpg 1.0 -0.131828710437 -0.0 0.0 0.0 -0.0
dataset-drone/246.jpg 1.0 -0.131828710437 -0.0 0.0 0.0 -0.0
dataset-drone/247.jpg 1.0 -0.131828710437 -0.0 0.0 0.0 -0.0
dataset-drone/248.jpg 1.0 -0.131828710437 -0.0 0.0 0.0 -0.0
dataset-drone/249.jpg 1.0 -0.131828710437 -0.0 0.0 0.0 -0.0
dataset-drone/250.jpg 1.0 -0.131828710437 -0.0 0.0 0.0 -0.0
dataset-drone/251.jpg 1.0 -0.131828710437 -0.0 0.0 0.0 -0.0
dataset-drone/252.jpg 1.0 -0.131828710437 -0.0 0.0 0.0 -0.0
dataset-drone/253.jpg 1.0 -0.131828710437 -0.0 0.0 0.0 -0.0
dataset-drone/254.jpg 1.0 -0.131828710437 -0.0 0.0 0.0 -0.0
dataset-drone/255.jpg 1.0 -0.131828710437 -0.0 0.0 0.0 -0.0
dataset-drone/256.jpg 1.0 -0.131828710437 -0.0 0.0 0.0 -0.0
dataset-drone/257.jpg 1.0 -0.131828710437 -0.0 0.0 0.0 -0.0
dataset-drone/258.jpg 1.0 -0.131828710437 -0.0 0.0 0.0 -0.0
dataset-drone/259.jpg 1.0 -0.131828710437 -0.0 0.0 0.0 -0.0
dataset-drone/260.jpg 1.0 -0.131828710437 -0.0 0.0 0.0 0.0884603112936
dataset-drone/261.jpg 1.0 -0.131828710437 -0.0 0.0 0.0 -0.0
dataset-drone/262.jpg 1.0 -0.131828710437 -0.0 0.0 0.0 -0.0
dataset-drone/263.jpg 1.0 -0.131828710437 -0.0 0.0 0.0 -0.0
dataset-drone/264.jpg 1.0 -0.131828710437 -0.0 0.0 0.0 -0.0
dataset-drone/265.jpg 1.0 -0.131828710437 -0.0 0.0 0.0 -0.0
dataset-drone/266.jpg 1.0 -0.131828710437 -0.0 0.0 0.0 -0.0
dataset-drone/267.jpg 1.0 -0.131828710437 -0.0 0.0 0.0 -0.0
dataset-drone/268.jpg 1.0 -0.131828710437 -0.0 0.0 0.0 -0.0
dataset-drone/269.jpg 1.0 -0.131828710437 -0.0 0.0 0.0 -0.0
dataset-drone/270.jpg 1.0 -0.131828710437 -0.0 0.0 0.0 -0.0
dataset-drone/271.jpg 1.0 -0.131828710437 -0.0 0.0 0.0 -0.0233113225549
dataset-drone/272.jpg 1.0 -0.131828710437 -0.0 0.0 0.0 -0.0667118579149
dataset-drone/273.jpg 1.0 -0.131828710437 -0.0 0.0 0.0 -0.0667118579149
dataset-drone/274.jpg 1.0 -0.131828710437 -0.0 0.0 0.0 -0.0667118579149
dataset-drone/275.jpg 1.0 -0.131828710437 -0.0 0.0 0.0 -0.0667118579149
dataset-drone/276.jpg 1.0 -0.142686888576 -0.0 0.0 0.0 -0.00162711844314
dataset-drone/277.jpg 1.0 -0.131828710437 -0.0 0.0 0.0 -0.0124531583861
dataset-drone/278.jpg 1.0 -0.131828710437 -0.0 0.0 0.0 -0.0667118579149
dataset-drone/279.jpg 1.0 -0.131828710437 -0.0 0.0 0.0 -0.0558858141303
dataset-drone/280.jpg 1.0 -0.131828710437 -0.0 0.0 0.0 -0.0558858141303
dataset-drone/281.jpg 1.0 -0.131828710437 -0.0 0.0 0.0 -0.0450276508927
dataset-drone/282.jpg 1.0 -0.131828710437 -0.0 0.0 0.0 -0.0558858141303
dataset-drone/283.jpg 1.0 -0.131828710437 -0.0 0.0 0.0 -0.0450276508927
dataset-drone/284.jpg 1.0 -0.131828710437 -0.0 0.0 0.0 -0.0558858141303
dataset-drone/285.jpg 1.0 -0.131828710437 -0.0 0.0 0.0 -0.0667118579149
dataset-drone/286.jpg 1.0 -0.131828710437 -0.0 0.0 0.0 -0.0558858141303
dataset-drone/287.jpg 1.0 -0.131828710437 -0.0 0.0 0.0 -0.0558858141303
dataset-drone/288.jpg 1.0 -0.131828710437 -0.0 0.0 0.0 -0.0558858141303
dataset-drone/289.jpg 1.0 -0.131828710437 -0.0 0.0 0.0 -0.0558858141303
dataset-drone/290.jpg 1.0 -0.131828710437 -0.0 0.0 0.0 -0.0450276508927
dataset-drone/291.jpg 1.0 -0.131828710437 -0.0 0.0 0.0 -0.0450276508927
dataset-drone/292.jpg 1.0 -0.131828710437 -0.0 0.0 0.0 -0.0558858141303
dataset-drone/293.jpg 1.0 -0.131828710437 -0.0 0.0 0.0 -0.0667118579149
dataset-drone/294.jpg 1.0 -0.131828710437 -0.0 0.0 0.0 -0.0775700211525
dataset-drone/295.jpg 1.0 -0.131828710437 -0.0 0.0 0.0 -0.0775700211525
dataset-drone/296.jpg 1.0 -0.131828710437 -0.0 0.0 0.0 -0.0884281843901
dataset-drone/297.jpg 1.0 -0.131828710437 -0.0 0.0 0.0 -0.0884281843901
dataset-drone/298.jpg 1.0 -0.131828710437 -0.0 0.0 0.0 -0.131828710437
dataset-drone/299.jpg 1.0 -0.131828710437 -0.0 0.0 0.0 -0.131828710437
dataset-drone/300.jpg 1.0 -0.131828710437 -0.0 0.0 0.0 -0.131828710437
dataset-drone/301.jpg 1.0 -0.131828710437 -0.0 0.0 0.0 -0.186087414622
dataset-drone/302.jpg 1.0 -0.131828710437 -0.0 0.0 0.0 -0.186087414622
dataset-drone/303.jpg 1.0 -0.131828710437 -0.0 0.0 0.0 -0.175261378288
dataset-drone/304.jpg 1.0 -0.131828710437 -0.0 0.0 0.0 -0.175261378288
dataset-drone/305.jpg 1.0 -0.131828710437 -0.0 0.0 0.0 -0.0341694876552
dataset-drone/306.jpg 1.0 -0.131828710437 -0.0 0.0 0.0 -0.164403215051
dataset-drone/307.jpg 1.0 -0.131828710437 -0.0 0.0 0.0 -0.153545051813
dataset-drone/308.jpg 1.0 -0.131828710437 -0.0 0.0 0.0 -0.153545051813
dataset-drone/309.jpg 1.0 -0.131828710437 -0.0 0.0 0.0 -0.175261378288
dataset-drone/310.jpg 1.0 -0.131828710437 -0.0 0.0 0.0 -0.175261378288
dataset-drone/311.jpg 1.0 -0.131828710437 -0.0 0.0 0.0 -0.218661904335
dataset-drone/312.jpg 1.0 -0.131828710437 -0.0 0.0 0.0 -0.218661904335
dataset-drone/313.jpg 1.0 -0.131828710437 -0.0 0.0 0.0 -0.218661904335
dataset-drone/314.jpg 1.0 -0.131828710437 -0.0 0.0 0.0 -0.218661904335
dataset-drone/315.jpg 1.0 -0.131828710437 -0.0 0.0 0.0 -0.218661904335
dataset-drone/316.jpg 1.0 -0.131828710437 -0.0 0.0 0.0 -0.218661904335
dataset-drone/317.jpg 1.0 -0.131828710437 -0.0 0.0 0.0 -0.218661904335
dataset-drone/318.jpg 1.0 -0.131828710437 -0.0 0.0 0.0 -0.218661904335
dataset-drone/319.jpg 1.0 -0.131828710437 -0.0 0.0 0.0 -0.207803741097
dataset-drone/320.jpg 1.0 -0.131828710437 -0.0 0.0 0.0 -0.0
dataset-drone/321.jpg 1.0 -0.131828710437 -0.0 0.0 0.0 -0.0
dataset-drone/322.jpg 1.0 -0.131828710437 -0.0 0.0 0.0 -0.0
dataset-drone/323.jpg 1.0 -0.131828710437 -0.0 0.0 0.0 -0.131828710437
dataset-drone/324.jpg 1.0 -0.131828710437 -0.0 0.0 0.0 -0.186087414622
dataset-drone/325.jpg 1.0 -0.131828710437 -0.0 0.0 0.0 -0.0
dataset-drone/326.jpg 1.0 -0.131828710437 -0.0 0.0 0.0 -0.0
dataset-drone/327.jpg 1.0 -0.131828710437 -0.0 0.0 0.0 -0.142686888576
dataset-drone/328.jpg 1.0 -0.131828710437 -0.0 0.0 0.0 -0.142686888576
dataset-drone/329.jpg 1.0 -0.131828710437 -0.0 0.0 0.0 -0.00162711844314
dataset-drone/330.jpg 1.0 -0.131828710437 -0.0 0.0 0.0 -0.0233113225549
dataset-drone/331.jpg 1.0 -0.131828710437 -0.0 0.0 0.0 -0.121002674103
dataset-drone/332.jpg 1.0 -0.131828710437 -0.0 0.0 0.0 -0.121002674103
dataset-drone/333.jpg 1.0 -0.131828710437 -0.0 0.0 0.0 -0.00162711844314
dataset-drone/334.jpg 1.0 -0.131828710437 -0.0 0.0 0.0 -0.0667118579149
dataset-drone/335.jpg 1.0 -0.131828710437 -0.0 0.0 0.0 -0.0450276508927
dataset-drone/336.jpg 1.0 -0.131828710437 -0.0 0.0 0.0 -0.0341694876552
dataset-drone/337.jpg 1.0 -0.131828710437 -0.0 0.0 0.0 -0.0341694876552
dataset-drone/338.jpg 1.0 -0.131828710437 -0.0 0.0 0.0 -0.0341694876552
dataset-drone/339.jpg 1.0 -0.131828710437 -0.0 0.0 0.0 -0.0341694876552
dataset-drone/340.jpg 1.0 -0.131828710437 -0.0 0.0 0.0 -0.0341694876552
dataset-drone/341.jpg 1.0 -0.131828710437 -0.0 0.0 0.0 -0.0341694876552
dataset-drone/342.jpg 1.0 -0.131828710437 -0.0 0.0 0.0 -0.0341694876552
dataset-drone/343.jpg 1.0 -0.131828710437 -0.0 0.0 0.0 -0.0341694876552
dataset-drone/344.jpg 1.0 -0.131828710437 -0.0 0.0 0.0 -0.0341694876552
dataset-drone/345.jpg 1.0 -0.131828710437 -0.0 0.0 0.0 -0.0
dataset-drone/346.jpg 1.0 -0.131828710437 -0.0 0.0 0.0 -0.0
dataset-drone/347.jpg 1.0 -0.131828710437 -0.0 0.0 0.0 -0.0
dataset-drone/348.jpg 1.0 -0.131828710437 -0.0 0.0 0.0 -0.0
dataset-drone/349.jpg 1.0 -0.131828710437 -0.0 0.0 0.0 -0.0
dataset-drone/350.jpg 1.0 -0.131828710437 -0.0 0.0 0.0 -0.0
dataset-drone/351.jpg 1.0 -0.131828710437 -0.0 0.0 0.0 -0.0
dataset-drone/352.jpg 1.0 -0.131828710437 -0.0 0.0 0.0 -0.0
dataset-drone/353.jpg 1.0 -0.131828710437 -0.0 0.0 0.0 -0.0
dataset-drone/354.jpg 1.0 -0.131828710437 -0.0 0.0 0.0 0.00165924313478
dataset-drone/355.jpg 1.0 -0.131828710437 -0.0 0.0 0.0 0.0667439773679
dataset-drone/356.jpg 1.0 -0.131828710437 -0.0 0.0 0.0 0.0667439773679
dataset-drone/357.jpg 1.0 -0.131828710437 -0.0 0.0 0.0 0.121034801006
dataset-drone/358.jpg 1.0 -0.131828710437 -0.0 0.0 0.0 0.121034801006
dataset-drone/359.jpg 1.0 -0.131828710437 -0.0 0.0 0.0 -0.0
dataset-drone/360.jpg 1.0 -0.131828710437 -0.0 0.0 0.0 -0.0
dataset-drone/361.jpg 1.0 -0.131828710437 -0.0 0.0 0.0 -0.0
dataset-drone/362.jpg 1.0 -0.131828710437 -0.0 0.0 0.0 -0.0
dataset-drone/363.jpg 1.0 -0.131828710437 -0.0 0.0 0.0 -0.0
dataset-drone/364.jpg 1.0 -0.131828710437 -0.0 0.0 0.0 -0.0
dataset-drone/365.jpg 1.0 -0.131828710437 -0.0 0.0 0.0 0.0667439773679
dataset-drone/366.jpg 1.0 -0.131828710437 -0.0 0.0 0.0 0.0884603112936
dataset-drone/367.jpg 1.0 -0.131828710437 -0.0 0.0 0.0 0.0667439773679
dataset-drone/368.jpg 1.0 -0.131828710437 -0.0 0.0 0.0 -0.0
dataset-drone/369.jpg 1.0 -0.131828710437 -0.0 0.0 0.0 -0.0
dataset-drone/370.jpg 1.0 -0.131828710437 -0.0 0.0 0.0 -0.0
dataset-drone/371.jpg 1.0 -0.131828710437 -0.0 0.0 0.0 -0.0
dataset-drone/372.jpg 1.0 -0.131828710437 -0.0 0.0 0.0 -0.0
dataset-drone/373.jpg 1.0 -0.131828710437 -0.0 0.0 0.0 -0.0
dataset-drone/374.jpg 1.0 -0.131828710437 -0.0 0.0 0.0 0.077602148056
dataset-drone/375.jpg 1.0 -0.131828710437 -0.0 0.0 0.0 0.110176637769
dataset-drone/376.jpg 1.0 -0.131828710437 -0.0 0.0 0.0 0.0559179410338
dataset-drone/377.jpg 1.0 -0.131828710437 -0.0 0.0 0.0 0.0993184745312
dataset-drone/378.jpg 1.0 -0.131828710437 -0.0 0.0 0.0 0.0993184745312
dataset-drone/379.jpg 1.0 -0.131828710437 -0.0 0.0 0.0 0.0993184745312
dataset-drone/380.jpg 1.0 -0.131828710437 -0.0 0.0 0.0 0.0993184745312
dataset-drone/381.jpg 1.0 -0.131828710437 -0.0 0.0 0.0 0.077602148056
dataset-drone/382.jpg 1.0 -0.131828710437 -0.0 0.0 0.0 -0.0
dataset-drone/383.jpg 1.0 -0.131828710437 -0.0 0.0 0.0 -0.0
dataset-drone/384.jpg 1.0 -0.131828710437 -0.0 0.0 0.0 0.0667439773679
dataset-drone/385.jpg 1.0 -0.131828710437 -0.0 0.0 0.0 0.110176637769
dataset-drone/386.jpg 1.0 -0.131828710437 -0.0 0.0 0.0 0.0993184745312
dataset-drone/387.jpg 1.0 -0.131828710437 -0.0 0.0 0.0 -0.0
dataset-drone/388.jpg 1.0 -0.131828710437 -0.0 0.0 0.0 -0.0
dataset-drone/389.jpg 1.0 -0.131828710437 -0.0 0.0 0.0 -0.0
dataset-drone/390.jpg 1.0 -0.131828710437 -0.0 0.0 0.0 -0.0
dataset-drone/391.jpg 1.0 -0.131828710437 -0.0 0.0 0.0 -0.0
dataset-drone/392.jpg 1.0 -0.131828710437 -0.0 0.0 0.0 -0.0
dataset-drone/393.jpg 1.0 -0.131828710437 -0.0 0.0 0.0 -0.0
dataset-drone/394.jpg 1.0 -0.131828710437 -0.0 0.0 0.0 -0.0
dataset-drone/395.jpg 1.0 -0.131828710437 -0.0 0.0 0.0 -0.0
dataset-drone/396.jpg 1.0 -0.131828710437 -0.0 0.0 0.0 -0.0
dataset-drone/397.jpg 1.0 -0.131828710437 -0.0 0.0 0.0 -0.0
dataset-drone/398.jpg 1.0 -0.131828710437 -0.0 0.0 0.0 -0.0
dataset-drone/399.jpg 1.0 -0.131828710437 -0.0 0.0 0.0 -0.0
dataset-drone/400.jpg 1.0 -0.131828710437 -0.0 0.0 0.0 -0.0
dataset-drone/401.jpg 1.0 -0.131828710437 -0.0 0.0 0.0 -0.0
dataset-drone/402.jpg 1.0 -0.131828710437 -0.0 0.0 0.0 -0.0
dataset-drone/403.jpg 1.0 -0.131828710437 -0.0 0.0 0.0 -0.0
dataset-drone/404.jpg 1.0 -0.131828710437 -0.0 0.0 0.0 -0.0
dataset-drone/405.jpg 1.0 -0.131828710437 -0.0 0.0 0.0 -0.0
dataset-drone/406.jpg 1.0 -0.131828710437 -0.0 0.0 0.0 -0.0
dataset-drone/407.jpg 1.0 -0.131828710437 -0.0 0.0 0.0 -0.0
dataset-drone/408.jpg 1.0 -0.131828710437 -0.0 0.0 0.0 -0.0
dataset-drone/409.jpg 1.0 -0.131828710437 -0.0 0.0 0.0 -0.0
dataset-drone/410.jpg 1.0 -0.131828710437 -0.0 0.0 0.0 -0.0
dataset-drone/411.jpg 1.0 -0.131828710437 -0.0 0.0 0.0 -0.0
dataset-drone/412.jpg 1.0 -0.131828710437 -0.0 0.0 0.0 -0.0
dataset-drone/413.jpg 1.0 -0.131828710437 -0.0 0.0 0.0 -0.0450276508927
dataset-drone/414.jpg 1.0 -0.131828710437 -0.0 0.0 0.0 -0.0667118579149
dataset-drone/415.jpg 1.0 -0.131828710437 -0.0 0.0 0.0 -0.110144510865
dataset-drone/416.jpg 1.0 -0.131828710437 -0.0 0.0 0.0 -0.0884281843901
dataset-drone/417.jpg 1.0 -0.131828710437 -0.0 0.0 0.0 -0.110144510865
dataset-drone/418.jpg 1.0 -0.131828710437 -0.0 0.0 0.0 -0.121002674103
dataset-drone/419.jpg 1.0 -0.131828710437 -0.0 0.0 0.0 -0.110144510865
dataset-drone/420.jpg 1.0 -0.131828710437 -0.0 0.0 0.0 -0.0775700211525
dataset-drone/421.jpg 1.0 -0.131828710437 -0.0 0.0 0.0 -0.0
dataset-drone/422.jpg 1.0 -0.131828710437 -0.0 0.0 0.0 -0.0
dataset-drone/423.jpg 1.0 -0.131828710437 -0.0 0.0 0.0 -0.0
dataset-drone/424.jpg 1.0 -0.131828710437 -0.0 0.0 0.0 -0.0
dataset-drone/425.jpg 1.0 -0.131828710437 -0.0 0.0 0.0 -0.00162711844314
dataset-drone/426.jpg 1.0 -0.131828710437 -0.0 0.0 0.0 -0.0233113225549
dataset-drone/427.jpg 1.0 -0.131828710437 -0.0 0.0 0.0 -0.0450276508927
dataset-drone/428.jpg 1.0 -0.131828710437 -0.0 0.0 0.0 -0.0884281843901
dataset-drone/429.jpg 1.0 -0.131828710437 -0.0 0.0 0.0 -0.0558858141303
dataset-drone/430.jpg 1.0 -0.131828710437 -0.0 0.0 0.0 -0.0
dataset-drone/431.jpg 1.0 -0.131828710437 -0.0 0.0 0.0 -0.0
dataset-drone/432.jpg 1.0 -0.131828710437 -0.0 0.0 0.0 -0.0558858141303
dataset-drone/433.jpg 1.0 -0.131828710437 -0.0 0.0 0.0 -0.110144510865
dataset-drone/434.jpg 1.0 -0.131828710437 -0.0 0.0 0.0 -0.0884281843901
dataset-drone/435.jpg 1.0 -0.131828710437 -0.0 0.0 0.0 -0.0992863476276
dataset-drone/436.jpg 1.0 -0.131828710437 -0.0 0.0 0.0 -0.110144510865
dataset-drone/437.jpg 1.0 -0.131828710437 -0.0 0.0 0.0 -0.0450276508927
dataset-drone/438.jpg 1.0 -0.131828710437 -0.0 0.0 0.0 -0.0
dataset-drone/439.jpg 1.0 -0.131828710437 -0.0 0.0 0.0 -0.0
dataset-drone/440.jpg 1.0 -0.131828710437 -0.0 0.0 0.0 -0.0884281843901
dataset-drone/441.jpg 1.0 -0.131828710437 -0.0 0.0 0.0 -0.0775700211525
dataset-drone/442.jpg 1.0 -0.131828710437 -0.0 0.0 0.0 -0.0667118579149
dataset-drone/443.jpg 1.0 -0.131828710437 -0.0 0.0 0.0 -0.0667118579149
dataset-drone/444.jpg 1.0 -0.131828710437 -0.0 0.0 0.0 -0.0667118579149
dataset-drone/445.jpg 1.0 -0.131828710437 -0.0 0.0 0.0 -0.0667118579149
dataset-drone/446.jpg 1.0 -0.131828710437 -0.0 0.0 0.0 -0.0667118579149
dataset-drone/447.jpg 1.0 -0.131828710437 -0.0 0.0 0.0 -0.0667118579149
dataset-drone/448.jpg 1.0 -0.131828710437 -0.0 0.0 0.0 -0.0233113225549
dataset-drone/449.jpg 1.0 -0.131828710437 -0.0 0.0 0.0 -0.0341694876552
dataset-drone/450.jpg 1.0 -0.131828710437 -0.0 0.0 0.0 -0.0341694876552
dataset-drone/451.jpg 1.0 -0.131828710437 -0.0 0.0 0.0 -0.0341694876552
dataset-drone/452.jpg 1.0 -0.131828710437 -0.0 0.0 0.0 -0.0341694876552
dataset-drone/453.jpg 1.0 -0.131828710437 -0.0 0.0 0.0 -0.0233113225549
dataset-drone/454.jpg 1.0 -0.131828710437 -0.0 0.0 0.0 -0.0
dataset-drone/455.jpg 1.0 -0.131828710437 -0.0 0.0 0.0 -0.0
dataset-drone/456.jpg 1.0 -0.131828710437 -0.0 0.0 0.0 -0.0
dataset-drone/457.jpg 1.0 -0.131828710437 -0.0 0.0 0.0 -0.0
dataset-drone/458.jpg 1.0 -0.131828710437 -0.0 0.0 0.0 -0.0
dataset-drone/459.jpg 1.0 -0.131828710437 -0.0 0.0 0.0 -0.0
dataset-drone/460.jpg 1.0 -0.131828710437 -0.0 0.0 0.0 -0.0
dataset-drone/461.jpg 1.0 -0.131828710437 -0.0 0.0 0.0 -0.0233113225549
dataset-drone/462.jpg 1.0 -0.131828710437 -0.0 0.0 0.0 -0.0884281843901
dataset-drone/463.jpg 1.0 -0.131828710437 -0.0 0.0 0.0 -0.0233113225549
dataset-drone/464.jpg 1.0 -0.131828710437 -0.0 0.0 0.0 -0.0450276508927
dataset-drone/465.jpg 1.0 -0.131828710437 -0.0 0.0 0.0 -0.0884281843901
dataset-drone/466.jpg 1.0 -0.131828710437 -0.0 0.0 0.0 -0.0884281843901
dataset-drone/467.jpg 1.0 -0.131828710437 -0.0 0.0 0.0 -0.0884281843901
dataset-drone/468.jpg 1.0 -0.131828710437 -0.0 0.0 0.0 -0.00162711844314
dataset-drone/469.jpg 1.0 -0.131828710437 -0.0 0.0 0.0 -0.0124531583861
dataset-drone/470.jpg 1.0 -0.131828710437 -0.0 0.0 0.0 -0.0124531583861
dataset-drone/471.jpg 1.0 -0.131828710437 -0.0 0.0 0.0 -0.0124531583861
dataset-drone/472.jpg 1.0 -0.131828710437 -0.0 0.0 0.0 -0.0233113225549
dataset-drone/473.jpg 1.0 -0.131828710437 -0.0 0.0 0.0 -0.0233113225549
dataset-drone/474.jpg 1.0 -0.131828710437 -0.0 0.0 0.0 -0.0233113225549
dataset-drone/475.jpg 1.0 -0.131828710437 -0.0 0.0 0.0 -0.0341694876552
dataset-drone/476.jpg 1.0 -0.131828710437 -0.0 0.0 0.0 -0.0341694876552
dataset-drone/477.jpg 1.0 -0.131828710437 -0.0 0.0 0.0 -0.0
dataset-drone/478.jpg 1.0 -0.131828710437 -0.0 0.0 0.0 -0.0
dataset-drone/479.jpg 1.0 -0.131828710437 -0.0 0.0 0.0 -0.0
dataset-drone/480.jpg 1.0 -0.131828710437 -0.0 0.0 0.0 -0.0
dataset-drone/481.jpg 1.0 -0.131828710437 -0.0 0.0 0.0 -0.0
dataset-drone/482.jpg 1.0 -0.131828710437 -0.0 0.0 0.0 -0.0
dataset-drone/483.jpg 1.0 -0.131828710437 -0.0 0.0 0.0 -0.0
dataset-drone/484.jpg 1.0 -0.131828710437 -0.0 0.0 0.0 -0.0
dataset-drone/485.jpg 1.0 -0.131828710437 -0.0 0.0 0.0 -0.0884281843901
dataset-drone/486.jpg 1.0 -0.131828710437 -0.0 0.0 0.0 -0.0667118579149
dataset-drone/487.jpg 1.0 -0.131828710437 -0.0 0.0 0.0 -0.0450276508927
dataset-drone/488.jpg 1.0 -0.131828710437 -0.0 0.0 0.0 -0.0558858141303
dataset-drone/489.jpg 1.0 -0.131828710437 -0.0 0.0 0.0 -0.0992863476276
dataset-drone/490.jpg 1.0 -0.131828710437 -0.0 0.0 0.0 -0.0884281843901
dataset-drone/491.jpg 1.0 -0.131828710437 -0.0 0.0 0.0 -0.0667118579149
dataset-drone/492.jpg 1.0 -0.131828710437 -0.0 0.0 0.0 -0.0775700211525
dataset-drone/493.jpg 1.0 -0.131828710437 -0.0 0.0 0.0 -0.0667118579149
dataset-drone/494.jpg 1.0 -0.131828710437 -0.0 0.0 0.0 -0.0
dataset-drone/495.jpg 1.0 -0.131828710437 -0.0 0.0 0.0 -0.0
dataset-drone/496.jpg 1.0 -0.131828710437 -0.0 0.0 0.0 -0.0
dataset-drone/497.jpg 1.0 -0.131828710437 -0.0 0.0 0.0 -0.0
dataset-drone/498.jpg 1.0 -0.131828710437 -0.0 0.0 0.0 -0.0
dataset-drone/499.jpg 1.0 -0.131828710437 -0.0 0.0 0.0 -0.0
dataset-drone/500.jpg 1.0 -0.131828710437 -0.0 0.0 0.0 -0.0
dataset-drone/501.jpg 1.0 -0.131828710437 -0.0 0.0 0.0 -0.0
dataset-drone/502.jpg 1.0 -0.131828710437 -0.0 0.0 0.0 -0.0
dataset-drone/503.jpg 1.0 -0.131828710437 -0.0 0.0 0.0 -0.0
dataset-drone/504.jpg 1.0 -0.131828710437 -0.0 0.0 0.0 -0.0
dataset-drone/505.jpg 1.0 -0.131828710437 -0.0 0.0 0.0 -0.0
dataset-drone/506.jpg 1.0 -0.131828710437 -0.0 0.0 0.0 -0.0
dataset-drone/507.jpg 1.0 -0.131828710437 -0.0 0.0 0.0 -0.0
dataset-drone/508.jpg 1.0 -0.131828710437 -0.0 0.0 0.0 -0.0
dataset-drone/509.jpg 1.0 -0.131828710437 -0.0 0.0 0.0 -0.0
dataset-drone/510.jpg 1.0 -0.131828710437 -0.0 0.0 0.0 -0.0
dataset-drone/511.jpg 1.0 -0.131828710437 -0.0 0.0 0.0 -0.0
dataset-drone/512.jpg 1.0 -0.131828710437 -0.0 0.0 0.0 0.0559179410338
dataset-drone/513.jpg 1.0 -0.131828710437 -0.0 0.0 0.0 -0.0
dataset-drone/514.jpg 1.0 -0.131828710437 -0.0 0.0 0.0 -0.0
dataset-drone/515.jpg 1.0 -0.131828710437 -0.0 0.0 0.0 -0.0
dataset-drone/516.jpg 1.0 -0.131828710437 -0.0 0.0 0.0 -0.0
dataset-drone/517.jpg 1.0 -0.0 -0.0 0.0 0.0 -0.0
dataset-drone/518.jpg 1.0 -0.0 -0.0 0.0 0.0 -0.0
dataset-drone/519.jpg 1.0 -0.0 -0.0 0.0 0.0 -0.0
dataset-drone/520.jpg 1.0 -0.0 -0.0 0.0 0.0 -0.0
dataset-drone/521.jpg 1.0 -0.0 -0.0 0.0 0.0 -0.0
dataset-drone/522.jpg 1.0 -0.0 -0.0 0.0 0.0 -0.0
dataset-drone/523.jpg 1.0 -0.0 -0.0 0.0 0.0 -0.0
dataset-drone/524.jpg 1.0 -0.0 -0.0 0.0 0.0 -0.0
dataset-drone/525.jpg 1.0 -0.0 -0.0 0.0 0.0 -0.0
dataset-drone/526.jpg 1.0 -0.0 -0.0 0.0 0.0 -0.0
dataset-drone/527.jpg 1.0 -0.0 -0.0 0.0 0.0 -0.0
dataset-drone/528.jpg 1.0 -0.0 -0.0 0.0 0.0 -0.0
dataset-drone/529.jpg 1.0 -0.0 -0.0 0.0 0.0 -0.0884281843901
dataset-drone/530.jpg 1.0 -0.0 -0.0 0.0 0.0 -0.0233113225549
dataset-drone/531.jpg 1.0 -0.0 -0.0 0.0 0.0 -0.0884281843901
dataset-drone/532.jpg 1.0 -0.0 -0.0 0.0 0.0 -0.110144510865
dataset-drone/533.jpg 1.0 -0.0 -0.0 0.0 0.0 -0.00162711844314
dataset-drone/534.jpg 1.0 -0.0 -0.0 0.0 0.0 -0.207803741097
dataset-drone/535.jpg 1.0 -0.0 -0.0 0.0 0.0 -0.0
dataset-drone/536.jpg 1.0 -0.0 -0.0 0.0 0.0 -0.0
dataset-drone/537.jpg 1.0 -0.0 -0.0 0.0 0.0 -0.0
dataset-drone/538.jpg 1.0 -0.0 -0.0 0.0 0.0 -0.0
dataset-drone/539.jpg 1.0 -0.0 -0.0 0.0 0.0 -0.0558858141303
dataset-drone/540.jpg 1.0 -0.0 -0.0 0.0 0.0 -0.0124531583861
dataset-drone/541.jpg 1.0 -0.0 -0.0 0.0 0.0 -0.0450276508927
dataset-drone/542.jpg 1.0 -0.0 -0.0 0.0 0.0 -0.207803741097
dataset-drone/543.jpg 1.0 -0.0 -0.0 0.0 0.0 -0.229520067573
dataset-drone/544.jpg 1.0 -0.0 -0.0 0.0 0.0 -0.0450276508927
dataset-drone/545.jpg 1.0 -0.0 -0.0 0.0 0.0 -0.0233113225549
dataset-drone/546.jpg 1.0 -0.0 -0.0 0.0 0.0 -0.0
dataset-drone/547.jpg 1.0 -0.0 -0.0 0.0 0.0 -0.0
dataset-drone/548.jpg 1.0 -0.0 -0.0 0.0 0.0 -0.0
dataset-drone/549.jpg 1.0 -0.0 -0.0 0.0 0.0 -0.0
dataset-drone/550.jpg 1.0 -0.0 -0.0 0.0 0.0 -0.0
dataset-drone/551.jpg 1.0 -0.0 -0.0 0.0 0.0 -0.0
dataset-drone/552.jpg 1.0 -0.0 -0.0 0.0 0.0 -0.0775700211525
dataset-drone/553.jpg 1.0 -0.0 -0.0 0.0 0.0 -0.0233113225549
dataset-drone/554.jpg 1.0 -0.0 -0.0 0.0 0.0 -0.0341694876552
dataset-drone/555.jpg 1.0 -0.0 -0.0 0.0 0.0 -0.0233113225549
dataset-drone/556.jpg 1.0 -0.0 -0.0 0.0 0.0 -0.0341694876552
dataset-drone/557.jpg 1.0 -0.0 -0.0 0.0 0.0 -0.0341694876552
dataset-drone/558.jpg 1.0 -0.0 -0.0 0.0 0.0 -0.0124531583861
dataset-drone/559.jpg 1.0 -0.0 -0.0 0.0 0.0 -0.0
dataset-drone/560.jpg 1.0 -0.0 -0.0 0.0 0.0 -0.0
dataset-drone/561.jpg 1.0 -0.0 -0.0 0.0 0.0 -0.0
dataset-drone/562.jpg 1.0 -0.0 -0.0 0.0 0.0 -0.0
dataset-drone/563.jpg 1.0 -0.0 -0.0 0.0 0.0 -0.0
dataset-drone/564.jpg 1.0 -0.0 -0.0 0.0 0.0 -0.0
dataset-drone/565.jpg 1.0 -0.0 -0.0 0.0 0.0 -0.0
dataset-drone/566.jpg 1.0 -0.0 -0.0 0.0 0.0 -0.0
dataset-drone/567.jpg 1.0 -0.0 -0.0 0.0 0.0 -0.0
dataset-drone/568.jpg 1.0 -0.0 -0.0 0.0 0.0 -0.0
dataset-drone/569.jpg 1.0 -0.0 -0.0 0.0 0.0 -0.0
dataset-drone/570.jpg 1.0 -0.0 -0.0 0.0 0.0 -0.0
dataset-drone/571.jpg 1.0 -0.0 -0.0 0.0 0.0 -0.0
dataset-drone/572.jpg 1.0 -0.0 -0.0 0.0 0.0 -0.0
dataset-drone/573.jpg 1.0 -0.0 -0.0 0.0 0.0 -0.0
dataset-drone/574.jpg 1.0 -0.0 -0.0 0.0 0.0 -0.0
dataset-drone/575.jpg 1.0 -0.0 -0.0 0.0 0.0 -0.0
dataset-drone/576.jpg 1.0 -0.0 -0.0 0.0 0.0 -0.0
dataset-drone/577.jpg 1.0 -0.0 -0.0 0.0 0.0 -0.0
dataset-drone/578.jpg 1.0 -0.0 -0.0 0.0 0.0 -0.153545051813
dataset-drone/579.jpg 1.0 -0.0 -0.0 0.0 0.0 -0.142686888576
dataset-drone/580.jpg 1.0 -0.0 -0.0 0.0 0.0 -0.110144510865
dataset-drone/581.jpg 1.0 -0.0 -0.0 0.0 0.0 -0.00162711844314
dataset-drone/582.jpg 1.0 -0.0 -0.0 0.0 0.0 -0.0
dataset-drone/583.jpg 1.0 -0.0 -0.0 0.0 0.0 -0.0775700211525
dataset-drone/584.jpg 1.0 -0.0 -0.0 0.0 0.0 -0.0
dataset-drone/585.jpg 1.0 -0.0 -0.0 0.0 0.0 -0.00162711844314
dataset-drone/586.jpg 1.0 -0.0 -0.0 0.0 0.0 -0.110144510865
dataset-drone/587.jpg 1.0 -0.0 -0.0 0.0 0.0 -0.121002674103
dataset-drone/588.jpg 1.0 -0.0 -0.0 0.0 0.0 -0.121002674103
dataset-drone/589.jpg 1.0 -0.0 -0.0 0.0 0.0 -0.110144510865
dataset-drone/590.jpg 1.0 -0.0 -0.0 0.0 0.0 -0.110144510865
dataset-drone/591.jpg 1.0 -0.0 -0.0 0.0 0.0 -0.0667118579149
dataset-drone/592.jpg 1.0 -0.0 -0.0 0.0 0.0 -0.0124531583861
dataset-drone/593.jpg 1.0 -0.0 -0.0 0.0 0.0 -0.0233113225549
dataset-drone/594.jpg 1.0 -0.0 -0.0 0.0 0.0 -0.0450276508927
dataset-drone/595.jpg 1.0 -0.0 -0.0 0.0 0.0 -0.0992863476276
dataset-drone/596.jpg 1.0 -0.0 -0.0 0.0 0.0 -0.0558858141303
dataset-drone/597.jpg 1.0 -0.0 -0.0 0.0 0.0 -0.0558858141303
dataset-drone/598.jpg 1.0 -0.0 -0.0 0.0 0.0 -0.0667118579149
dataset-drone/599.jpg 1.0 -0.0 -0.0 0.0 0.0 -0.0341694876552
dataset-drone/600.jpg 1.0 -0.0 -0.0 0.0 0.0 -0.0450276508927
dataset-drone/601.jpg 1.0 -0.0 -0.0 0.0 0.0 -0.0450276508927
dataset-drone/602.jpg 1.0 -0.0 -0.0 0.0 0.0 -0.0450276508927
dataset-drone/603.jpg 1.0 -0.0 -0.0 0.0 0.0 -0.0
dataset-drone/604.jpg 1.0 -0.0 -0.0 0.0 0.0 0.28381088376
dataset-drone/605.jpg 1.0 -0.0 -0.0 0.0 0.0 -0.0
dataset-drone/606.jpg 1.0 -0.0 -0.0 0.0 0.0 -0.0
dataset-drone/607.jpg 1.0 -0.0 -0.0 0.0 0.0 -0.0
dataset-drone/608.jpg 1.0 -0.0 -0.0 0.0 0.0 0.142719000578
dataset-drone/609.jpg 1.0 -0.0 -0.0 0.0 0.0 -0.0
dataset-drone/610.jpg 1.0 -0.0 -0.0 0.0 0.0 0.077602148056
dataset-drone/611.jpg 1.0 -0.0 -0.0 0.0 0.0 0.196977704763
dataset-drone/612.jpg 1.0 -0.0 -0.0 0.0 0.0 -0.0
dataset-drone/613.jpg 1.0 -0.0 -0.0 0.0 0.0 -0.0
dataset-drone/614.jpg 1.0 -0.0 -0.0 0.0 0.0 -0.0
dataset-drone/615.jpg 1.0 -0.0 -0.0 0.0 0.0 0.0667439773679
dataset-drone/616.jpg 1.0 -0.0 -0.0 0.0 0.0 0.0667439773679
dataset-drone/617.jpg 1.0 -0.0 -0.0 0.0 0.0 0.0233434475958
dataset-drone/618.jpg 1.0 -0.0 -0.0 0.0 0.0 0.0233434475958
dataset-drone/619.jpg 1.0 -0.0 -0.0 0.0 0.0 -0.0
dataset-drone/620.jpg 1.0 -0.0 -0.0 0.0 0.0 -0.0
dataset-drone/621.jpg 1.0 -0.0 -0.0 0.0 0.0 0.164435341954
dataset-drone/622.jpg 1.0 -0.0 -0.0 0.0 0.0 -0.0
dataset-drone/623.jpg 1.0 -0.0 -0.0 0.0 0.0 0.121034801006
dataset-drone/624.jpg 1.0 -0.0 -0.0 0.0 0.0 0.13186083734
dataset-drone/625.jpg 1.0 -0.0 -0.0 0.0 0.0 0.0233434475958
dataset-drone/626.jpg 1.0 -0.0 -0.0 0.0 0.0 -0.0
dataset-drone/627.jpg 1.0 -0.0 -0.0 0.0 0.0 -0.0
dataset-drone/628.jpg 1.0 -0.0 -0.0 0.0 0.0 -0.0
dataset-drone/629.jpg 1.0 -0.0 -0.0 0.0 0.0 0.164435341954
dataset-drone/630.jpg 1.0 -0.0 -0.0 0.0 0.0 -0.0
dataset-drone/631.jpg 1.0 -0.0 -0.0 0.0 0.0 -0.0
dataset-drone/632.jpg 1.0 -0.0 -0.0 0.0 0.0 -0.0
dataset-drone/633.jpg 1.0 -0.0 -0.0 0.0 0.0 0.0667439773679
dataset-drone/634.jpg 1.0 -0.0 -0.0 0.0 0.0 -0.0
dataset-drone/635.jpg 1.0 -0.0 -0.0 0.0 0.0 -0.0
dataset-drone/636.jpg 1.0 -0.0 -0.0 0.0 0.0 -0.0233113225549
dataset-drone/637.jpg 1.0 -0.0 -0.0 0.0 0.0 -0.0
dataset-drone/638.jpg 1.0 -0.0 -0.0 0.0 0.0 -0.131828710437
dataset-drone/639.jpg 1.0 -0.0 -0.0 0.0 0.0 -0.186087414622
dataset-drone/640.jpg 1.0 -0.0 -0.0 0.0 0.0 -0.0233113225549
dataset-drone/641.jpg 1.0 -0.0 -0.0 0.0 0.0 -0.0
dataset-drone/642.jpg 1.0 -0.0 -0.0 0.0 0.0 -0.0
dataset-drone/643.jpg 1.0 -0.0 -0.0 0.0 0.0 -0.0
dataset-drone/644.jpg 1.0 -0.0 -0.0 0.0 0.0 -0.0
dataset-drone/645.jpg 1.0 -0.0 -0.0 0.0 0.0 -0.0
dataset-drone/646.jpg 1.0 -0.0 -0.0 0.0 0.0 -0.0
dataset-drone/647.jpg 1.0 -0.0 -0.0 0.0 0.0 -0.0
dataset-drone/648.jpg 1.0 -0.0 -0.0 0.0 0.0 -0.0
dataset-drone/649.jpg 1.0 -0.0 -0.0 0.0 0.0 -0.00162711844314
dataset-drone/650.jpg 1.0 -0.0 -0.0 0.0 0.0 -0.0667118579149
dataset-drone/651.jpg 1.0 -0.0 -0.0 0.0 0.0 -0.0
dataset-drone/652.jpg 1.0 -0.0 -0.0 0.0 0.0 -0.0
dataset-drone/653.jpg 1.0 -0.0 -0.0 0.0 0.0 -0.142686888576
dataset-drone/654.jpg 1.0 -0.0 -0.0 0.0 0.0 -0.131828710437
dataset-drone/655.jpg 1.0 -0.0 -0.0 0.0 0.0 -0.0
dataset-drone/656.jpg 1.0 -0.0 -0.0 0.0 0.0 -0.0341694876552
dataset-drone/657.jpg 1.0 -0.0 -0.0 0.0 0.0 -0.0667118579149
dataset-drone/658.jpg 1.0 -0.0 -0.0 0.0 0.0 -0.0233113225549
dataset-drone/659.jpg 1.0 -0.0 -0.0 0.0 0.0 -0.0558858141303
dataset-drone/660.jpg 1.0 -0.0 -0.0 0.0 0.0 -0.0341694876552
dataset-drone/661.jpg 1.0 -0.0 -0.0 0.0 0.0 -0.0
dataset-drone/662.jpg 1.0 -0.0 -0.0 0.0 0.0 -0.0
dataset-drone/663.jpg 1.0 -0.0 -0.0 0.0 0.0 -0.0
dataset-drone/664.jpg 1.0 -0.0 -0.0 0.0 0.0 -0.0
dataset-drone/665.jpg 1.0 -0.0 -0.0 0.0 0.0 -0.0
dataset-drone/666.jpg 1.0 -0.0 -0.0 0.0 0.0 -0.0
dataset-drone/667.jpg 1.0 -0.0 -0.0 0.0 0.0 -0.0
dataset-drone/668.jpg 1.0 -0.0 -0.0 0.0 0.0 -0.186087414622
dataset-drone/669.jpg 1.0 -0.0 -0.0 0.0 0.0 -0.186087414622
dataset-drone/670.jpg 1.0 -0.0 -0.0 0.0 0.0 -0.0667118579149
dataset-drone/671.jpg 1.0 -0.0 -0.0 0.0 0.0 -0.110144510865
dataset-drone/672.jpg 1.0 -0.0 -0.0 0.0 0.0 -0.153545051813
dataset-drone/673.jpg 1.0 -0.0 -0.0 0.0 0.0 -0.142686888576
dataset-drone/674.jpg 1.0 -0.0 -0.0 0.0 0.0 -0.142686888576
dataset-drone/675.jpg 1.0 -0.0 -0.0 0.0 0.0 -0.121002674103
dataset-drone/676.jpg 1.0 -0.0 -0.0 0.0 0.0 -0.110144510865
dataset-drone/677.jpg 1.0 -0.0 -0.0 0.0 0.0 -0.0
dataset-drone/678.jpg 1.0 -0.0 -0.0 0.0 0.0 -0.0
dataset-drone/679.jpg 1.0 -0.0 -0.0 0.0 0.0 -0.0
dataset-drone/680.jpg 1.0 -0.0 -0.0 0.0 0.0 -0.0
dataset-drone/681.jpg 1.0 -0.0 -0.0 0.0 0.0 -0.0
dataset-drone/682.jpg 1.0 -0.0 -0.0 0.0 0.0 -0.0
dataset-drone/683.jpg 1.0 -0.0 -0.0 0.0 0.0 -0.0
dataset-drone/684.jpg 1.0 -0.0 -0.0 0.0 0.0 -0.0
dataset-drone/685.jpg 1.0 -0.0 -0.0 0.0 0.0 -0.0
dataset-drone/686.jpg 1.0 -0.0 -0.0 0.0 0.0 -0.0
dataset-drone/687.jpg 1.0 -0.0 -0.0 0.0 0.0 -0.0
dataset-drone/688.jpg 1.0 -0.0 -0.0 0.0 0.0 -0.0884281843901
dataset-drone/689.jpg 1.0 -0.0 -0.0 0.0 0.0 -0.0884281843901
dataset-drone/690.jpg 1.0 -0.0 -0.0 0.0 0.0 -0.0884281843901
dataset-drone/691.jpg 1.0 -0.0 -0.0 0.0 0.0 -0.0558858141303
dataset-drone/692.jpg 1.0 -0.0 -0.0 0.0 0.0 -0.0667118579149
dataset-drone/693.jpg 1.0 -0.0 -0.0 0.0 0.0 -0.0667118579149
dataset-drone/694.jpg 1.0 -0.0 -0.0 0.0 0.0 -0.110144510865
dataset-drone/695.jpg 1.0 -0.0 -0.0 0.0 0.0 -0.0884281843901
dataset-drone/696.jpg 1.0 -0.0 -0.0 0.0 0.0 -0.0884281843901
dataset-drone/697.jpg 1.0 -0.0 -0.0 0.0 0.0 -0.0884281843901
dataset-drone/698.jpg 1.0 -0.0 -0.0 0.0 0.0 -0.0
dataset-drone/699.jpg 1.0 -0.0 -0.0 0.0 0.0 -0.0
dataset-drone/700.jpg 1.0 -0.0 -0.0 0.0 0.0 -0.0884281843901
dataset-drone/701.jpg 1.0 -0.0 -0.0 0.0 0.0 -0.0775700211525
dataset-drone/702.jpg 1.0 -0.0 -0.0 0.0 0.0 -0.0450276508927
dataset-drone/703.jpg 1.0 -0.0 -0.0 0.0 0.0 -0.0233113225549
dataset-drone/704.jpg 1.0 -0.0 -0.0 0.0 0.0 -0.0233113225549
dataset-drone/705.jpg 1.0 -0.0 -0.0 0.0 0.0 -0.0450276508927
dataset-drone/706.jpg 1.0 -0.0 -0.0 0.0 0.0 -0.0450276508927
dataset-drone/707.jpg 1.0 -0.0 -0.0 0.0 0.0 -0.0450276508927
dataset-drone/708.jpg 1.0 -0.0 -0.0 0.0 0.0 -0.0
dataset-drone/709.jpg 1.0 -0.0 -0.0 0.0 0.0 -0.0
dataset-drone/710.jpg 1.0 -0.0 -0.0 0.0 0.0 -0.0
dataset-drone/711.jpg 1.0 -0.0 -0.0 0.0 0.0 -0.0
dataset-drone/712.jpg 1.0 -0.0 -0.0 0.0 0.0 -0.0
dataset-drone/713.jpg 1.0 -0.0 -0.0 0.0 0.0 -0.0
dataset-drone/714.jpg 1.0 -0.0 -0.0 0.0 0.0 -0.0
dataset-drone/715.jpg 1.0 -0.0 -0.0 0.0 0.0 -0.131828710437
dataset-drone/716.jpg 1.0 -0.0 -0.0 0.0 0.0 -0.0775700211525
dataset-drone/717.jpg 1.0 -0.0 -0.0 0.0 0.0 -0.0
dataset-drone/718.jpg 1.0 -0.0 -0.0 0.0 0.0 -0.0
dataset-drone/719.jpg 1.0 -0.0 -0.0 0.0 0.0 0.121034801006
dataset-drone/720.jpg 1.0 -0.0 -0.0 0.0 0.0 -0.0
dataset-drone/721.jpg 1.0 -0.0 -0.0 0.0 0.0 -0.0
dataset-drone/722.jpg 1.0 -0.0 -0.0 0.0 0.0 -0.0
dataset-drone/723.jpg 1.0 -0.0 -0.0 0.0 0.0 -0.0
dataset-drone/724.jpg 1.0 -0.0 -0.0 0.0 0.0 -0.0
dataset-drone/725.jpg 1.0 -0.0 -0.0 0.0 0.0 -0.0
dataset-drone/726.jpg 1.0 -0.0 -0.0 0.0 0.0 -0.00162711844314
dataset-drone/727.jpg 1.0 -0.0 -0.0 0.0 0.0 -0.0558858141303
dataset-drone/728.jpg 1.0 -0.0 -0.0 0.0 0.0 -0.0233113225549
dataset-drone/729.jpg 1.0 -0.0 -0.0 0.0 0.0 -0.0341694876552
dataset-drone/730.jpg 1.0 -0.0 -0.0 0.0 0.0 -0.0233113225549
dataset-drone/731.jpg 1.0 -0.0 -0.0 0.0 0.0 -0.0233113225549
dataset-drone/732.jpg 1.0 -0.0 -0.0 0.0 0.0 -0.0341694876552
dataset-drone/733.jpg 1.0 -0.0 -0.0 0.0 0.0 -0.0341694876552
dataset-drone/734.jpg 1.0 -0.0 -0.0 0.0 0.0 -0.0
dataset-drone/735.jpg 1.0 -0.0 -0.0 0.0 0.0 -0.0
dataset-drone/736.jpg 1.0 -0.0 -0.0 0.0 0.0 -0.0
dataset-drone/737.jpg 1.0 -0.0 -0.0 0.0 0.0 -0.0
dataset-drone/738.jpg 1.0 -0.0 -0.0 0.0 0.0 -0.0
dataset-drone/739.jpg 1.0 -0.0 -0.0 0.0 0.0 -0.0
dataset-drone/740.jpg 1.0 -0.0 -0.0 0.0 0.0 -0.0
dataset-drone/741.jpg 1.0 -0.0 -0.0 0.0 0.0 -0.0
dataset-drone/742.jpg 1.0 -0.0 -0.0 0.0 0.0 -0.0
dataset-drone/743.jpg 1.0 -0.0 -0.0 0.0 0.0 -0.0
dataset-drone/744.jpg 1.0 -0.0 -0.0 0.0 0.0 -0.0
dataset-drone/745.jpg 1.0 -0.0 -0.0 0.0 0.0 -0.0
dataset-drone/746.jpg 1.0 -0.0 -0.0 0.0 0.0 0.077602148056
dataset-drone/747.jpg 1.0 -0.0 -0.0 0.0 0.0 -0.0
dataset-drone/748.jpg 1.0 -0.0 -0.0 0.0 0.0 -0.0341694876552
dataset-drone/749.jpg 1.0 -0.0 -0.0 0.0 0.0 -0.0
dataset-drone/750.jpg 1.0 -0.0 -0.0 0.0 0.0 -0.0558858141303
dataset-drone/751.jpg 1.0 -0.0 -0.0 0.0 0.0 -0.0450276508927
dataset-drone/752.jpg 1.0 -0.0 -0.0 0.0 0.0 -0.0450276508927
dataset-drone/753.jpg 1.0 -0.0 -0.0 0.0 0.0 -0.0450276508927
dataset-drone/754.jpg 1.0 -0.0 -0.0 0.0 0.0 -0.0450276508927
dataset-drone/755.jpg 1.0 -0.0 -0.0 0.0 0.0 -0.0450276508927
dataset-drone/756.jpg 1.0 -0.0 -0.0 0.0 0.0 -0.0450276508927
dataset-drone/757.jpg 1.0 -0.0 -0.0 0.0 0.0 -0.0450276508927
dataset-drone/758.jpg 1.0 -0.0 -0.0 0.0 0.0 -0.0450276508927
dataset-drone/759.jpg 1.0 -0.0 -0.0 0.0 0.0 -0.0450276508927
dataset-drone/760.jpg 1.0 -0.0 -0.0 0.0 0.0 -0.0450276508927
dataset-drone/761.jpg 1.0 -0.0 -0.0 0.0 0.0 -0.0450276508927
dataset-drone/762.jpg 1.0 -0.0 -0.0 0.0 0.0 -0.0450276508927
dataset-drone/763.jpg 1.0 -0.0 -0.0 0.0 0.0 -0.0667118579149
dataset-drone/764.jpg 1.0 -0.0 -0.0 0.0 0.0 -0.0992863476276
dataset-drone/765.jpg 1.0 -0.0 -0.0 0.0 0.0 -0.0450276508927
dataset-drone/766.jpg 1.0 -0.0 -0.0 0.0 0.0 -0.0558858141303
dataset-drone/767.jpg 1.0 -0.0 -0.0 0.0 0.0 -0.0558858141303
dataset-drone/768.jpg 1.0 -0.0 -0.0 0.0 0.0 -0.0558858141303
dataset-drone/769.jpg 1.0 -0.0 -0.0 0.0 0.0 -0.0558858141303
dataset-drone/770.jpg 1.0 -0.0 -0.0 0.0 0.0 -0.0
dataset-drone/771.jpg 1.0 -0.0 -0.0 0.0 0.0 -0.0
dataset-drone/772.jpg 1.0 -0.0 -0.0 0.0 0.0 -0.0
dataset-drone/773.jpg 1.0 -0.0 -0.0 0.0 0.0 -0.0
dataset-drone/774.jpg 1.0 -0.0 -0.0 0.0 0.0 -0.0
dataset-drone/775.jpg 1.0 -0.0 -0.0 0.0 0.0 -0.0
dataset-drone/776.jpg 1.0 -0.0 -0.0 0.0 0.0 -0.0
dataset-drone/777.jpg 1.0 -0.0 -0.0 0.0 0.0 -0.0
dataset-drone/778.jpg 1.0 -0.0 -0.0 0.0 0.0 -0.0
dataset-drone/779.jpg 1.0 -0.0 -0.0 0.0 0.0 -0.0
dataset-drone/780.jpg 1.0 -0.0 -0.0 0.0 0.0 -0.0
dataset-drone/781.jpg 1.0 -0.0 -0.0 0.0 0.0 -0.0
dataset-drone/782.jpg 1.0 -0.0 -0.0 0.0 0.0 -0.0
dataset-drone/783.jpg 1.0 -0.0 -0.0 0.0 0.0 0.0559179410338
dataset-drone/784.jpg 1.0 -0.0 -0.0 0.0 0.0 -0.0
dataset-drone/785.jpg 1.0 -0.0 -0.0 0.0 0.0 -0.0
dataset-drone/786.jpg 1.0 -0.0 -0.0 0.0 0.0 -0.0
dataset-drone/787.jpg 1.0 -0.0 -0.0 0.0 0.0 -0.0
dataset-drone/788.jpg 1.0 -0.0 -0.0 0.0 0.0 0.207835868001
dataset-drone/789.jpg 1.0 -0.0 -0.0 0.0 0.0 -0.0
dataset-drone/790.jpg 1.0 -0.0 -0.0 0.0 0.0 -0.0
dataset-drone/791.jpg 1.0 -0.0 -0.0 0.0 0.0 -0.0
dataset-drone/792.jpg 1.0 -0.0 -0.0 0.0 0.0 -0.0
dataset-drone/793.jpg 1.0 -0.0 -0.0 0.0 0.0 -0.0
dataset-drone/794.jpg 1.0 -0.0 -0.0 0.0 0.0 0.077602148056
dataset-drone/795.jpg 1.0 -0.0 -0.0 0.0 0.0 0.077602148056
dataset-drone/796.jpg 1.0 -0.0 -0.0 0.0 0.0 -0.0
dataset-drone/797.jpg 1.0 -0.0 -0.0 0.0 0.0 -0.0
dataset-drone/798.jpg 1.0 -0.0 -0.0 0.0 0.0 -0.00162711844314
dataset-drone/799.jpg 1.0 -0.0 -0.0 0.0 0.0 -0.0884281843901
dataset-drone/800.jpg 1.0 -0.0 -0.0 0.0 0.0 -0.0450276508927
dataset-drone/801.jpg 1.0 -0.0 -0.0 0.0 0.0 -0.110144510865
dataset-drone/802.jpg 1.0 -0.0 -0.0 0.0 0.0 -0.0341694876552
dataset-drone/803.jpg 1.0 -0.0 -0.0 0.0 0.0 -0.0775700211525
dataset-drone/804.jpg 1.0 -0.0 -0.0 0.0 0.0 -0.110144510865
dataset-drone/805.jpg 1.0 -0.0 -0.0 0.0 0.0 -0.0884281843901
dataset-drone/806.jpg 1.0 -0.0 -0.0 0.0 0.0 -0.0884281843901
dataset-drone/807.jpg 1.0 -0.0 -0.0 0.0 0.0 -0.0884281843901
dataset-drone/808.jpg 1.0 -0.0 -0.0 0.0 0.0 -0.175261378288
dataset-drone/809.jpg 1.0 -0.0 -0.0 0.0 0.0 -0.186087414622
dataset-drone/810.jpg 1.0 -0.0 -0.0 0.0 0.0 -0.186087414622
dataset-drone/811.jpg 1.0 -0.0 -0.0 0.0 0.0 -0.153545051813
dataset-drone/812.jpg 1.0 -0.0 -0.0 0.0 0.0 -0.131828710437
dataset-drone/813.jpg 1.0 -0.0 -0.0 0.0 0.0 -0.131828710437
dataset-drone/814.jpg 1.0 -0.0 -0.0 0.0 0.0 -0.131828710437
dataset-drone/815.jpg 1.0 -0.0 -0.0 0.0 0.0 -0.164403215051
dataset-drone/816.jpg 1.0 -0.0 -0.0 0.0 0.0 -0.153545051813
dataset-drone/817.jpg 1.0 -0.0 -0.0 0.0 0.0 -0.110144510865
dataset-drone/818.jpg 1.0 -0.0 -0.0 0.0 0.0 -0.0233113225549
dataset-drone/819.jpg 1.0 -0.0 -0.0 0.0 0.0 -0.110144510865
dataset-drone/820.jpg 1.0 -0.0 -0.0 0.0 0.0 -0.131828710437
dataset-drone/821.jpg 1.0 -0.0 -0.0 0.0 0.0 -0.110144510865
dataset-drone/822.jpg 1.0 -0.0 -0.0 0.0 0.0 -0.0558858141303
dataset-drone/823.jpg 1.0 -0.0 -0.0 0.0 0.0 -0.0
dataset-drone/824.jpg 1.0 -0.0 -0.0 0.0 0.0 -0.0450276508927
dataset-drone/825.jpg 1.0 -0.0 -0.0 0.0 0.0 -0.110144510865
dataset-drone/826.jpg 1.0 -0.0 -0.0 0.0 0.0 -0.0992863476276
dataset-drone/827.jpg 1.0 -0.0 -0.0 0.0 0.0 -0.0992863476276
dataset-drone/828.jpg 1.0 -0.0 -0.0 0.0 0.0 -0.0233113225549
dataset-drone/829.jpg 1.0 -0.0 -0.0 0.0 0.0 -0.0341694876552
dataset-drone/830.jpg 1.0 -0.0 -0.0 0.0 0.0 -0.0450276508927
dataset-drone/831.jpg 1.0 -0.0 -0.0 0.0 0.0 -0.0667118579149
dataset-drone/832.jpg 1.0 -0.0 -0.0 0.0 0.0 -0.0667118579149
dataset-drone/833.jpg 1.0 -0.0 -0.0 0.0 0.0 -0.0775700211525
dataset-drone/834.jpg 1.0 -0.0 -0.0 0.0 0.0 -0.0992863476276
dataset-drone/835.jpg 1.0 -0.0 -0.0 0.0 0.0 -0.0884281843901
dataset-drone/836.jpg 1.0 -0.0 -0.0 0.0 0.0 -0.110144510865
dataset-drone/837.jpg 1.0 -0.0 -0.0 0.0 0.0 -0.110144510865
dataset-drone/838.jpg 1.0 -0.0 -0.0 0.0 0.0 -0.0992863476276
dataset-drone/839.jpg 1.0 -0.0 -0.0 0.0 0.0 -0.0992863476276
dataset-drone/840.jpg 1.0 -0.0 -0.0 0.0 0.0 -0.110144510865
dataset-drone/841.jpg 1.0 -0.0 -0.0 0.0 0.0 -0.110144510865
dataset-drone/842.jpg 1.0 -0.0 -0.0 0.0 0.0 -0.0992863476276
dataset-drone/843.jpg 1.0 -0.0 -0.0 0.0 0.0 -0.0992863476276
dataset-drone/844.jpg 1.0 -0.0 -0.0 0.0 0.0 -0.0
dataset-drone/845.jpg 1.0 -0.0 -0.0 0.0 0.0 -0.0
dataset-drone/846.jpg 1.0 -0.0 -0.0 0.0 0.0 -0.0
dataset-drone/847.jpg 1.0 -0.0 -0.0 0.0 0.0 -0.142686888576
dataset-drone/848.jpg 1.0 -0.0 -0.0 0.0 0.0 -0.121002674103
dataset-drone/849.jpg 1.0 -0.0 -0.0 0.0 0.0 -0.121002674103
dataset-drone/850.jpg 1.0 -0.0 -0.0 0.0 0.0 -0.0
dataset-drone/851.jpg 1.0 -0.0 -0.0 0.0 0.0 -0.00162711844314
dataset-drone/852.jpg 1.0 -0.0 -0.0 0.0 0.0 -0.0558858141303
dataset-drone/853.jpg 1.0 -0.0 -0.0 0.0 0.0 -0.0667118579149
dataset-drone/854.jpg 1.0 -0.0 -0.0 0.0 0.0 -0.0558858141303
dataset-drone/855.jpg 1.0 -0.0 -0.0 0.0 0.0 -0.0558858141303
dataset-drone/856.jpg 1.0 -0.0 -0.0 0.0 0.0 -0.0558858141303
dataset-drone/857.jpg 1.0 -0.0 -0.0 0.0 0.0 -0.0233113225549
dataset-drone/858.jpg 1.0 -0.0 -0.0 0.0 0.0 -0.0124531583861
dataset-drone/859.jpg 1.0 -0.0 -0.0 0.0 0.0 -0.0667118579149
dataset-drone/860.jpg 1.0 -0.0 -0.0 0.0 0.0 -0.0667118579149
dataset-drone/861.jpg 1.0 -0.0 -0.0 0.0 0.0 -0.0558858141303
dataset-drone/862.jpg 1.0 -0.0 -0.0 0.0 0.0 -0.0558858141303
dataset-drone/863.jpg 1.0 -0.0 -0.0 0.0 0.0 -0.0558858141303
dataset-drone/864.jpg 1.0 -0.0 -0.0 0.0 0.0 -0.0558858141303
dataset-drone/865.jpg 1.0 -0.0 -0.0 0.0 0.0 -0.0558858141303
dataset-drone/866.jpg 1.0 -0.0 -0.0 0.0 0.0 -0.0558858141303
dataset-drone/867.jpg 1.0 -0.0 -0.0 0.0 0.0 -0.0558858141303
dataset-drone/868.jpg 1.0 -0.0 -0.0 0.0 0.0 -0.0558858141303
dataset-drone/869.jpg 1.0 -0.0 -0.0 0.0 0.0 -0.0
dataset-drone/870.jpg 1.0 -0.0 -0.0 0.0 0.0 -0.0
dataset-drone/871.jpg 1.0 -0.0 -0.0 0.0 0.0 -0.0
dataset-drone/872.jpg 1.0 -0.0 -0.0 0.0 0.0 -0.0
dataset-drone/873.jpg 1.0 -0.0 -0.0 0.0 0.0 -0.0
dataset-drone/874.jpg 1.0 -0.0 -0.0 0.0 0.0 -0.0
dataset-drone/875.jpg 1.0 -0.0 -0.0 0.0 0.0 0.218694031239
dataset-drone/876.jpg 1.0 -0.0 -0.0 0.0 0.0 0.0559179410338
dataset-drone/877.jpg 1.0 -0.0 -0.0 0.0 0.0 0.0993184745312
dataset-drone/878.jpg 1.0 -0.0 -0.0 0.0 0.0 0.164435341954
dataset-drone/879.jpg 1.0 -0.0 -0.0 0.0 0.0 0.218694031239
dataset-drone/880.jpg 1.0 -0.0 -0.0 0.0 0.0 0.175293505192
dataset-drone/881.jpg 1.0 -0.0 -0.0 0.0 0.0 0.13186083734
dataset-drone/882.jpg 1.0 -0.0 -0.0 0.0 0.0 0.110176637769
dataset-drone/883.jpg 1.0 -0.0 -0.0 0.0 0.0 0.121034801006
dataset-drone/884.jpg 1.0 -0.0 -0.0 0.0 0.0 0.121034801006
dataset-drone/885.jpg 1.0 -0.0 -0.0 0.0 0.0 0.121034801006
dataset-drone/886.jpg 1.0 -0.0 -0.0 0.0 0.0 0.121034801006
dataset-drone/887.jpg 1.0 -0.0 -0.0 0.0 0.0 -0.0
dataset-drone/888.jpg 1.0 -0.0 -0.0 0.0 0.0 -0.0
dataset-drone/889.jpg 1.0 -0.0 -0.0 0.0 0.0 0.0124852824956
dataset-drone/890.jpg 1.0 -0.0 -0.0 0.0 0.0 0.0559179410338
dataset-drone/891.jpg 1.0 -0.0 -0.0 0.0 0.0 0.0667439773679
dataset-drone/892.jpg 1.0 -0.0 -0.0 0.0 0.0 0.0667439773679
dataset-drone/893.jpg 1.0 -0.0 -0.0 0.0 0.0 0.077602148056
dataset-drone/894.jpg 1.0 -0.0 -0.0 0.0 0.0 0.077602148056
dataset-drone/895.jpg 1.0 -0.0 -0.0 0.0 0.0 0.153577163815
dataset-drone/896.jpg 1.0 -0.0 -0.0 0.0 0.0 0.153577163815
dataset-drone/897.jpg 1.0 -0.0 -0.0 0.0 0.0 0.153577163815
dataset-drone/898.jpg 1.0 -0.0 -0.0 0.0 0.0 0.0342016108334
dataset-drone/899.jpg 1.0 -0.0 -0.0 0.0 0.0 0.0884603112936
dataset-drone/900.jpg 1.0 -0.0 -0.0 0.0 0.0 0.121034801006
dataset-drone/901.jpg 1.0 -0.0 -0.0 0.0 0.0 0.121034801006
dataset-drone/902.jpg 1.0 -0.0 -0.0 0.0 0.0 0.110176637769
dataset-drone/903.jpg 1.0 -0.0 -0.0 0.0 0.0 0.110176637769
dataset-drone/904.jpg 1.0 -0.0 -0.0 0.0 0.0 0.110176637769
dataset-drone/905.jpg 1.0 -0.0 -0.0 0.0 0.0 0.077602148056
dataset-drone/906.jpg 1.0 -0.0 -0.0 0.0 0.0 -0.0
dataset-drone/907.jpg 1.0 -0.0 -0.0 0.0 0.0 0.0559179410338
dataset-drone/908.jpg 1.0 -0.0 -0.0 0.0 0.0 0.0667439773679
dataset-drone/909.jpg 1.0 -0.0 -0.0 0.0 0.0 0.0667439773679
dataset-drone/910.jpg 1.0 -0.0 -0.0 0.0 0.0 -0.0
dataset-drone/911.jpg 1.0 -0.0 -0.0 0.0 0.0 0.0342016108334
dataset-drone/912.jpg 1.0 -0.0 -0.0 0.0 0.0 0.0342016108334
dataset-drone/913.jpg 1.0 -0.0 -0.0 0.0 0.0 0.0342016108334
dataset-drone/914.jpg 1.0 -0.0 -0.0 0.0 0.0 0.0342016108334
dataset-drone/915.jpg 1.0 -0.0 -0.0 0.0 0.0 0.0342016108334
dataset-drone/916.jpg 1.0 -0.0 -0.0 0.0 0.0 -0.0
dataset-drone/917.jpg 1.0 -0.0 -0.0 0.0 0.0 -0.0
dataset-drone/918.jpg 1.0 -0.0 -0.0 0.0 0.0 -0.0
dataset-drone/919.jpg 1.0 -0.0 -0.0 0.0 0.0 0.153577163815
dataset-drone/920.jpg 1.0 -0.0 -0.0 0.0 0.0 0.153577163815
dataset-drone/921.jpg 1.0 -0.0 -0.0 0.0 0.0 -0.0
dataset-drone/922.jpg 1.0 -0.0 -0.0 0.0 0.0 -0.0
dataset-drone/923.jpg 1.0 -0.0 -0.0 0.0 0.0 0.0342016108334
dataset-drone/924.jpg 1.0 -0.0 -0.0 0.0 0.0 0.077602148056
dataset-drone/925.jpg 1.0 -0.0 -0.0 0.0 0.0 0.0667439773679
dataset-drone/926.jpg 1.0 -0.0 -0.0 0.0 0.0 -0.0
dataset-drone/927.jpg 1.0 -0.0 -0.0 0.0 0.0 -0.0
dataset-drone/928.jpg 1.0 -0.0 -0.0 0.0 0.0 -0.0
dataset-drone/929.jpg 1.0 -0.0 -0.0 0.0 0.0 -0.0
dataset-drone/930.jpg 1.0 -0.0 -0.0 0.0 0.0 -0.0
dataset-drone/931.jpg 1.0 -0.0 -0.0 0.0 0.0 0.077602148056
dataset-drone/932.jpg 1.0 -0.0 -0.0 0.0 0.0 0.142719000578
dataset-drone/933.jpg 1.0 -0.0 -0.0 0.0 0.0 0.0559179410338
dataset-drone/934.jpg 1.0 -0.0 -0.0 0.0 0.0 0.0559179410338
dataset-drone/935.jpg 1.0 -0.0 -0.0 0.0 0.0 0.175293505192
dataset-drone/936.jpg 1.0 -0.0 -0.0 0.0 0.0 -0.0
dataset-drone/937.jpg 1.0 -0.0 -0.0 0.0 0.0 0.0993184745312
dataset-drone/938.jpg 1.0 -0.0 -0.0 0.0 0.0 -0.0
dataset-drone/939.jpg 1.0 -0.0 -0.0 0.0 0.0 -0.0
dataset-drone/940.jpg 1.0 -0.0 -0.0 0.0 0.0 0.110176637769
dataset-drone/941.jpg 1.0 -0.0 -0.0 0.0 0.0 0.0667439773679
dataset-drone/942.jpg 1.0 -0.0 -0.0 0.0 0.0 0.0667439773679
dataset-drone/943.jpg 1.0 -0.0 -0.0 0.0 0.0 0.0667439773679
dataset-drone/944.jpg 1.0 -0.0 -0.0 0.0 0.0 0.0667439773679
dataset-drone/945.jpg 1.0 -0.0 -0.0 0.0 0.0 0.0667439773679
dataset-drone/946.jpg 1.0 -0.0 -0.0 0.0 0.0 0.0667439773679
dataset-drone/947.jpg 1.0 -0.0 -0.0 0.0 0.0 0.0993184745312
dataset-drone/948.jpg 1.0 -0.0 -0.0 0.0 0.0 0.110176637769
dataset-drone/949.jpg 1.0 -0.0 -0.0 0.0 0.0 0.121034801006
dataset-drone/950.jpg 1.0 -0.0 -0.0 0.0 0.0 0.121034801006
dataset-drone/951.jpg 1.0 -0.0 -0.0 0.0 0.0 0.121034801006
dataset-drone/952.jpg 1.0 -0.0 -0.0 0.0 0.0 0.121034801006
dataset-drone/953.jpg 1.0 -0.0 -0.0 0.0 0.0 -0.0
dataset-drone/954.jpg 1.0 -0.0 -0.0 0.0 0.0 0.0884603112936
dataset-drone/955.jpg 1.0 -0.0 -0.0 0.0 0.0 0.0993184745312
dataset-drone/956.jpg 1.0 -0.0 -0.0 0.0 0.0 0.0993184745312
dataset-drone/957.jpg 1.0 -0.0 -0.0 0.0 0.0 0.0993184745312
dataset-drone/958.jpg 1.0 -0.0 -0.0 0.0 0.0 0.0993184745312
dataset-drone/959.jpg 1.0 -0.0 -0.0 0.0 0.0 0.0993184745312
dataset-drone/960.jpg 1.0 -0.0 -0.0 0.0 0.0 0.0993184745312
dataset-drone/961.jpg 1.0 -0.0 -0.0 0.0 0.0 0.0667439773679
dataset-drone/962.jpg 1.0 -0.0 -0.0 0.0 0.0 0.0667439773679
dataset-drone/963.jpg 1.0 -0.0 -0.0 0.0 0.0 0.0667439773679
dataset-drone/964.jpg 1.0 -0.0 -0.0 0.0 0.0 0.0667439773679
dataset-drone/965.jpg 1.0 -0.0 -0.0 0.0 0.0 0.0667439773679
dataset-drone/966.jpg 1.0 -0.0 -0.0 0.0 0.0 0.0667439773679
dataset-drone/967.jpg 1.0 -0.0 -0.0 0.0 0.0 -0.0
dataset-drone/968.jpg 1.0 -0.0 -0.0 0.0 0.0 -0.0
dataset-drone/969.jpg 1.0 -0.0 -0.0 0.0 0.0 0.0559179410338
dataset-drone/970.jpg 1.0 -0.0 -0.0 0.0 0.0 0.0559179410338
dataset-drone/971.jpg 1.0 -0.0 -0.0 0.0 0.0 0.0559179410338
dataset-drone/972.jpg 1.0 -0.0 -0.0 0.0 0.0 -0.0
dataset-drone/973.jpg 1.0 -0.0 -0.0 0.0 0.0 -0.0
dataset-drone/974.jpg 1.0 -0.0 -0.0 0.0 0.0 -0.0
dataset-drone/975.jpg 1.0 -0.0 -0.0 0.0 0.0 0.0667439773679
dataset-drone/976.jpg 1.0 -0.0 -0.0 0.0 0.0 0.0667439773679
dataset-drone/977.jpg 1.0 -0.0 -0.0 0.0 0.0 -0.0
dataset-drone/978.jpg 1.0 -0.0 -0.0 0.0 0.0 -0.0
dataset-drone/979.jpg 1.0 -0.0 -0.0 0.0 0.0 -0.0
dataset-drone/980.jpg 1.0 -0.0 -0.0 0.0 0.0 -0.0
dataset-drone/981.jpg 1.0 -0.0 -0.0 0.0 0.0 -0.0
dataset-drone/982.jpg 1.0 -0.0 -0.0 0.0 0.0 -0.0
dataset-drone/983.jpg 1.0 -0.0 -0.0 0.0 0.0 -0.0
dataset-drone/984.jpg 1.0 -0.0 -0.0 0.0 0.0 -0.0
dataset-drone/985.jpg 1.0 -0.0 -0.0 0.0 0.0 -0.0
dataset-drone/986.jpg 1.0 -0.0 -0.0 0.0 0.0 -0.0
dataset-drone/987.jpg 1.0 -0.0 -0.0 0.0 0.0 -0.0
dataset-drone/988.jpg 1.0 -0.0 -0.0 0.0 0.0 -0.0
dataset-drone/989.jpg 1.0 -0.0 -0.0 0.0 0.0 -0.0
dataset-drone/990.jpg 1.0 -0.0 -0.0 0.0 0.0 -0.0
dataset-drone/991.jpg 1.0 -0.0 -0.0 0.0 0.0 -0.0
dataset-drone/992.jpg 1.0 -0.0 -0.0 0.0 0.0 -0.0
dataset-drone/993.jpg 1.0 -0.0 -0.0 0.0 0.0 -0.0341694876552
dataset-drone/994.jpg 1.0 -0.0 -0.0 0.0 0.0 -0.0450276508927
dataset-drone/995.jpg 1.0 -0.0 -0.0 0.0 0.0 -0.0450276508927
dataset-drone/996.jpg 1.0 -0.0 -0.0 0.0 0.0 -0.0341694876552
dataset-drone/997.jpg 1.0 -0.0 -0.0 0.0 0.0 -0.0
dataset-drone/998.jpg 1.0 -0.0 -0.0 0.0 0.0 -0.0
dataset-drone/999.jpg 1.0 -0.0 -0.0 0.0 0.0 -0.0
dataset-drone/1000.jpg 1.0 -0.0 -0.0 0.0 0.0 -0.0
dataset-drone/1001.jpg 1.0 -0.0 -0.0 0.0 0.0 -0.0
dataset-drone/1002.jpg 1.0 -0.0 -0.0 0.0 0.0 -0.0
dataset-drone/1003.jpg 1.0 -0.0 -0.0 0.0 0.0 -0.0
dataset-drone/1004.jpg 1.0 -0.0 -0.0 0.0 0.0 -0.0
dataset-drone/1005.jpg 1.0 -0.0 -0.0 0.0 0.0 -0.0
dataset-drone/1006.jpg 1.0 -0.0 -0.0 0.0 0.0 -0.0
dataset-drone/1007.jpg 1.0 -0.0 -0.0 0.0 0.0 -0.0
dataset-drone/1008.jpg 1.0 -0.0 -0.0 0.0 0.0 -0.0
dataset-drone/1009.jpg 1.0 -0.0 -0.0 0.0 0.0 -0.0
dataset-drone/1010.jpg 1.0 -0.0 -0.0 0.0 0.0 -0.0
dataset-drone/1011.jpg 1.0 -0.0 -0.0 0.0 0.0 -0.0
dataset-drone/1012.jpg 1.0 -0.0 -0.0 0.0 0.0 -0.0
dataset-drone/1013.jpg 1.0 -0.0 -0.0 0.0 0.0 -0.131828710437
dataset-drone/1014.jpg 1.0 -0.0 -0.0 0.0 0.0 -0.110144510865
dataset-drone/1015.jpg 1.0 -0.0 -0.0 0.0 0.0 -0.0992863476276
dataset-drone/1016.jpg 1.0 -0.0 -0.0 0.0 0.0 -0.0
dataset-drone/1017.jpg 1.0 -0.0 -0.0 0.0 0.0 -0.0558858141303
dataset-drone/1018.jpg 1.0 -0.0 -0.0 0.0 0.0 -0.0341694876552
dataset-drone/1019.jpg 1.0 -0.0 -0.0 0.0 0.0 -0.0341694876552
dataset-drone/1020.jpg 1.0 -0.0 -0.0 0.0 0.0 -0.0341694876552
dataset-drone/1021.jpg 1.0 -0.0 -0.0 0.0 0.0 -0.0
dataset-drone/1022.jpg 1.0 -0.0 -0.0 0.0 0.0 -0.0
dataset-drone/1023.jpg 1.0 -0.0 -0.0 0.0 0.0 -0.0
dataset-drone/1024.jpg 1.0 -0.0 -0.0 0.0 0.0 -0.0
dataset-drone/1025.jpg 1.0 -0.0 -0.0 0.0 0.0 -0.0
dataset-drone/1026.jpg 1.0 -0.0 -0.0 0.0 0.0 -0.0
dataset-drone/1027.jpg 1.0 -0.0 -0.0 0.0 0.0 -0.0
dataset-drone/1028.jpg 1.0 -0.0 -0.0 0.0 0.0 -0.0
dataset-drone/1029.jpg 1.0 -0.0 -0.0 0.0 0.0 -0.0
dataset-drone/1030.jpg 1.0 -0.0 -0.0 0.0 0.0 -0.0
dataset-drone/1031.jpg 1.0 -0.0 -0.0 0.0 0.0 -0.0
dataset-drone/1032.jpg 1.0 -0.0 -0.0 0.0 0.0 -0.0233113225549
dataset-drone/1033.jpg 1.0 -0.0 -0.0 0.0 0.0 -0.0558858141303
dataset-drone/1034.jpg 1.0 -0.0 -0.0 0.0 0.0 -0.0450276508927
dataset-drone/1035.jpg 1.0 -0.0 -0.0 0.0 0.0 -0.0450276508927
dataset-drone/1036.jpg 1.0 -0.0 -0.0 0.0 0.0 -0.0450276508927
dataset-drone/1037.jpg 1.0 -0.0 -0.0 0.0 0.0 -0.0450276508927
dataset-drone/1038.jpg 1.0 -0.0 -0.0 0.0 0.0 -0.0667118579149
dataset-drone/1039.jpg 1.0 -0.0 -0.0 0.0 0.0 -0.0558858141303
dataset-drone/1040.jpg 1.0 -0.0 -0.0 0.0 0.0 -0.0992863476276
dataset-drone/1041.jpg 1.0 -0.0 -0.0 0.0 0.0 -0.0667118579149
dataset-drone/1042.jpg 1.0 -0.0 -0.0 0.0 0.0 -0.110144510865
dataset-drone/1043.jpg 1.0 -0.0 -0.0 0.0 0.0 -0.0992863476276
dataset-drone/1044.jpg 1.0 -0.0 -0.0 0.0 0.0 -0.0992863476276
dataset-drone/1045.jpg 1.0 -0.0 -0.0 0.0 0.0 -0.0992863476276
dataset-drone/1046.jpg 1.0 -0.0 -0.0 0.0 0.0 -0.0992863476276
dataset-drone/1047.jpg 1.0 -0.0 -0.0 0.0 0.0 -0.0992863476276
dataset-drone/1048.jpg 1.0 -0.0 -0.0 0.0 0.0 -0.110144510865
dataset-drone/1049.jpg 1.0 -0.0 -0.0 0.0 0.0 -0.153545051813
dataset-drone/1050.jpg 1.0 -0.0 -0.0 0.0 0.0 -0.164403215051
dataset-drone/1051.jpg 1.0 -0.0 -0.0 0.0 0.0 -0.186087414622
dataset-drone/1052.jpg 1.0 -0.0 -0.0 0.0 0.0 -0.175261378288
dataset-drone/1053.jpg 1.0 -0.0 -0.0 0.0 0.0 -0.164403215051
dataset-drone/1054.jpg 1.0 -0.0 -0.0 0.0 0.0 -0.175261378288
dataset-drone/1055.jpg 1.0 -0.0 -0.0 0.0 0.0 -0.175261378288
dataset-drone/1056.jpg 1.0 -0.0 -0.0 0.0 0.0 -0.19694557786
dataset-drone/1057.jpg 1.0 -0.0 -0.0 0.0 0.0 -0.19694557786
dataset-drone/1058.jpg 1.0 -0.0 -0.0 0.0 0.0 -0.19694557786
dataset-drone/1059.jpg 1.0 -0.0 -0.0 0.0 0.0 -0.207803741097
dataset-drone/1060.jpg 1.0 -0.0 -0.0 0.0 0.0 -0.207803741097
dataset-drone/1061.jpg 1.0 -0.0 -0.0 0.0 0.0 -0.207803741097
dataset-drone/1062.jpg 1.0 -0.0 -0.0 0.0 0.0 -0.207803741097
dataset-drone/1063.jpg 1.0 -0.0 -0.0 0.0 0.0 -0.207803741097
dataset-drone/1064.jpg 1.0 -0.0 -0.0 0.0 0.0 -0.207803741097
dataset-drone/1065.jpg 1.0 -0.0 -0.0 0.0 0.0 -0.207803741097
dataset-drone/1066.jpg 1.0 -0.0 -0.0 0.0 0.0 -0.0233113225549
dataset-drone/1067.jpg 1.0 -0.0 -0.0 0.0 0.0 -0.0450276508927
dataset-drone/1068.jpg 1.0 -0.0 -0.0 0.0 0.0 -0.0667118579149
dataset-drone/1069.jpg 1.0 -0.0 -0.0 0.0 0.0 -0.0667118579149
dataset-drone/1070.jpg 1.0 -0.0 -0.0 0.0 0.0 -0.0775700211525
dataset-drone/1071.jpg 1.0 -0.0 -0.0 0.0 0.0 -0.0775700211525
dataset-drone/1072.jpg 1.0 -0.0 -0.0 0.0 0.0 -0.110144510865
dataset-drone/1073.jpg 1.0 -0.0 -0.0 0.0 0.0 -0.110144510865
dataset-drone/1074.jpg 1.0 -0.0 -0.0 0.0 0.0 -0.110144510865
dataset-drone/1075.jpg 1.0 -0.0 -0.0 0.0 0.0 -0.110144510865
dataset-drone/1076.jpg 1.0 -0.0 -0.0 0.0 0.0 -0.110144510865
dataset-drone/1077.jpg 1.0 -0.0 -0.0 0.0 0.0 -0.110144510865
dataset-drone/1078.jpg 1.0 -0.0 -0.0 0.0 0.0 -0.0
dataset-drone/1079.jpg 1.0 -0.0 -0.0 0.0 0.0 -0.0124531583861
dataset-drone/1080.jpg 1.0 -0.0 -0.0 0.0 0.0 -0.0233113225549
dataset-drone/1081.jpg 1.0 -0.0 -0.0 0.0 0.0 -0.0124531583861
dataset-drone/1082.jpg 1.0 -0.0 -0.0 0.0 0.0 -0.0124531583861
dataset-drone/1083.jpg 1.0 -0.0 -0.0 0.0 0.0 -0.0233113225549
dataset-drone/1084.jpg 1.0 -0.0 -0.0 0.0 0.0 -0.0124531583861
dataset-drone/1085.jpg 1.0 -0.0 -0.0 0.0 0.0 -0.0124531583861
dataset-drone/1086.jpg 1.0 -0.0 -0.0 0.0 0.0 -0.0124531583861
dataset-drone/1087.jpg 1.0 -0.0 -0.0 0.0 0.0 -0.0233113225549
dataset-drone/1088.jpg 1.0 -0.0 -0.0 0.0 0.0 -0.0124531583861
dataset-drone/1089.jpg 1.0 -0.0 -0.0 0.0 0.0 -0.0124531583861
dataset-drone/1090.jpg 1.0 -0.0 -0.0 0.0 0.0 -0.0233113225549
dataset-drone/1091.jpg 1.0 -0.0 -0.0 0.0 0.0 -0.0124531583861
dataset-drone/1092.jpg 1.0 -0.0 -0.0 0.0 0.0 -0.0124531583861
dataset-drone/1093.jpg 1.0 -0.0 -0.0 0.0 0.0 -0.0233113225549
dataset-drone/1094.jpg 1.0 -0.0 -0.0 0.0 0.0 -0.0124531583861
dataset-drone/1095.jpg 1.0 -0.0 -0.0 0.0 0.0 -0.0
dataset-drone/1096.jpg 1.0 -0.0 -0.0 0.0 0.0 -0.0
dataset-drone/1097.jpg 1.0 -0.0 -0.0 0.0 0.0 -0.0
dataset-drone/1098.jpg 1.0 -0.0 -0.0 0.0 0.0 -0.0
dataset-drone/1099.jpg 1.0 -0.0 -0.0 0.0 0.0 -0.0
dataset-drone/1100.jpg 1.0 -0.0 -0.0 0.0 0.0 -0.0
dataset-drone/1101.jpg 1.0 -0.0 -0.0 0.0 0.0 -0.0
dataset-drone/1102.jpg 1.0 -0.0 -0.0 0.0 0.0 -0.0
dataset-drone/1103.jpg 1.0 -0.0 -0.0 0.0 0.0 -0.0
dataset-drone/1104.jpg 1.0 -0.0 -0.0 0.0 0.0 0.0667439773679
dataset-drone/1105.jpg 1.0 -0.0 -0.0 0.0 0.0 0.077602148056
dataset-drone/1106.jpg 1.0 -0.0 -0.0 0.0 0.0 -0.0
dataset-drone/1107.jpg 1.0 -0.0 -0.0 0.0 0.0 0.0124852824956
dataset-drone/1108.jpg 1.0 -0.0 -0.0 0.0 0.0 0.0124852824956
dataset-drone/1109.jpg 1.0 -0.0 -0.0 0.0 0.0 0.0124852824956
dataset-drone/1110.jpg 1.0 -0.0 -0.0 0.0 0.0 0.0124852824956
dataset-drone/1111.jpg 1.0 -0.0 -0.0 0.0 0.0 0.0124852824956
dataset-drone/1112.jpg 1.0 -0.0 -0.0 0.0 0.0 0.0124852824956
dataset-drone/1113.jpg 1.0 -0.0 -0.0 0.0 0.0 0.0559179410338
dataset-drone/1114.jpg 1.0 -0.0 -0.0 0.0 0.0 0.0559179410338
dataset-drone/1115.jpg 1.0 -0.0 -0.0 0.0 0.0 0.0559179410338
dataset-drone/1116.jpg 1.0 -0.0 -0.0 0.0 0.0 0.0559179410338
dataset-drone/1117.jpg 1.0 -0.0 -0.0 0.0 0.0 0.0559179410338
dataset-drone/1118.jpg 1.0 -0.0 -0.0 0.0 0.0 0.0559179410338
dataset-drone/1119.jpg 1.0 -0.0 -0.0 0.0 0.0 0.0559179410338
dataset-drone/1120.jpg 1.0 -0.0 -0.0 0.0 0.0 0.0559179410338
dataset-drone/1121.jpg 1.0 -0.0 -0.0 0.0 0.0 0.0559179410338
dataset-drone/1122.jpg 1.0 -0.0 -0.0 0.0 0.0 0.0559179410338
dataset-drone/1123.jpg 1.0 -0.0 -0.0 0.0 0.0 0.0559179410338
dataset-drone/1124.jpg 1.0 -0.0 -0.0 0.0 0.0 0.0559179410338
dataset-drone/1125.jpg 1.0 -0.0 -0.0 0.0 0.0 0.0559179410338
dataset-drone/1126.jpg 1.0 -0.0 -0.0 0.0 0.0 0.0559179410338
dataset-drone/1127.jpg 1.0 -0.0 -0.0 0.0 0.0 0.0559179410338
dataset-drone/1128.jpg 1.0 -0.0 -0.0 0.0 0.0 0.0559179410338
dataset-drone/1129.jpg 1.0 -0.0 -0.0 0.0 0.0 0.0342016108334
dataset-drone/1130.jpg 1.0 -0.0 -0.0 0.0 0.0 -0.0
dataset-drone/1131.jpg 1.0 -0.0 -0.0 0.0 0.0 -0.0
dataset-drone/1132.jpg 1.0 -0.0 -0.0 0.0 0.0 -0.0
dataset-drone/1133.jpg 1.0 -0.0 -0.0 0.0 0.0 -0.0
dataset-drone/1134.jpg 1.0 -0.0 -0.0 0.0 0.0 -0.0
dataset-drone/1135.jpg 1.0 -0.0 -0.0 0.0 0.0 -0.0
dataset-drone/1136.jpg 1.0 -0.0 -0.0 0.0 0.0 -0.0
dataset-drone/1137.jpg 1.0 -0.0 -0.0 0.0 0.0 -0.0
dataset-drone/1138.jpg 1.0 -0.0 -0.0 0.0 0.0 -0.0
dataset-drone/1139.jpg 1.0 -0.0 -0.0 0.0 0.0 -0.0
dataset-drone/1140.jpg 1.0 -0.0 -0.0 0.0 0.0 -0.0
dataset-drone/1141.jpg 1.0 -0.0 -0.0 0.0 0.0 -0.0
dataset-drone/1142.jpg 1.0 -0.0 -0.0 0.0 0.0 -0.0
dataset-drone/1143.jpg 1.0 -0.0558858141303 -0.0 0.0 0.0 -0.0
dataset-drone/1144.jpg 1.0 -0.0884281843901 -0.0 0.0 0.0 -0.0450276508927
dataset-drone/1145.jpg 1.0 -0.0775700211525 -0.0 0.0 0.0 -0.0667118579149
dataset-drone/1146.jpg 1.0 -0.0775700211525 -0.0 0.0 0.0 -0.0775700211525
dataset-drone/1147.jpg 1.0 -0.0884281843901 -0.0 0.0 0.0 -0.0884281843901
dataset-drone/1148.jpg 1.0 -0.0884281843901 -0.414012491703 0.0 0.0 -0.0667118579149
dataset-drone/1149.jpg 1.0 -0.0884281843901 -0.522529900074 0.0 0.0 -0.131828710437
dataset-drone/1150.jpg 1.0 -0.0884281843901 -0.0 0.0 0.0 -0.0
dataset-drone/1151.jpg 1.0 -0.0884281843901 -0.0 0.0 0.0 -0.0
dataset-drone/1152.jpg 1.0 -0.0884281843901 -0.0 0.0 0.0 -0.0
dataset-drone/1153.jpg 1.0 -0.0884281843901 -0.0 0.0 0.0 -0.0
dataset-drone/1154.jpg 1.0 -0.0884281843901 -0.0 0.0 0.0 -0.110144510865
dataset-drone/1155.jpg 1.0 -0.0884281843901 -0.0 0.0 0.0 -0.0992863476276
dataset-drone/1156.jpg 1.0 -0.0884281843901 -0.0 0.0 0.0 -0.0
dataset-drone/1157.jpg 1.0 -0.0884281843901 -0.0 0.0 0.0 -0.0
dataset-drone/1158.jpg 1.0 -0.0884281843901 -0.0 0.0 0.0 -0.0992863476276
dataset-drone/1159.jpg 1.0 -0.0884281843901 -0.0 0.0 0.0 -0.110144510865
dataset-drone/1160.jpg 1.0 -0.0884281843901 -0.0 0.0 0.0 -0.110144510865
dataset-drone/1161.jpg 1.0 -0.0884281843901 -0.0 0.0 0.0 -0.0
dataset-drone/1162.jpg 1.0 -0.0884281843901 -0.0 0.0 0.0 -0.0
dataset-drone/1163.jpg 1.0 -0.0884281843901 -0.0 0.0 0.0 0.262094557285
dataset-drone/1164.jpg 1.0 -0.0884281843901 -0.0 0.0 0.0 -0.0
dataset-drone/1165.jpg 1.0 -0.0884281843901 -0.0 0.0 0.0 -0.0
dataset-drone/1166.jpg 1.0 -0.0884281843901 -0.0 0.0 0.0 -0.0
dataset-drone/1167.jpg 1.0 -0.0884281843901 -0.0 0.0 0.0 -0.0
dataset-drone/1168.jpg 1.0 -0.0884281843901 -0.0 0.0 0.0 -0.0
dataset-drone/1169.jpg 1.0 -0.0884281843901 -0.0 0.0 0.0 -0.0
dataset-drone/1170.jpg 1.0 -0.0884281843901 -0.0 0.0 0.0 -0.00162711844314
dataset-drone/1171.jpg 1.0 -0.0884281843901 -0.0 0.0 0.0 -0.0124531583861
dataset-drone/1172.jpg 1.0 -0.0884281843901 -0.0 0.0 0.0 -0.110144510865
dataset-drone/1173.jpg 1.0 -0.0884281843901 -0.0 0.0 0.0 -0.0992863476276
dataset-drone/1174.jpg 1.0 -0.0884281843901 -0.0 0.0 0.0 -0.110144510865
dataset-drone/1175.jpg 1.0 -0.0884281843901 -0.0 0.0 0.0 -0.110144510865
dataset-drone/1176.jpg 1.0 -0.0884281843901 -0.0 0.0 0.0 -0.0667118579149
dataset-drone/1177.jpg 1.0 -0.0884281843901 -0.0 0.0 0.0 -0.0667118579149
dataset-drone/1178.jpg 1.0 -0.0884281843901 -0.0 0.0 0.0 -0.0667118579149
dataset-drone/1179.jpg 1.0 -0.0884281843901 -0.0 0.0 0.0 -0.0667118579149
dataset-drone/1180.jpg 1.0 -0.0884281843901 -0.0 0.0 0.0 -0.0667118579149
dataset-drone/1181.jpg 1.0 -0.0884281843901 -0.0 0.0 0.0 -0.0667118579149
dataset-drone/1182.jpg 1.0 -0.0884281843901 -0.0 0.0 0.0 -0.0667118579149
dataset-drone/1183.jpg 1.0 -0.0884281843901 -0.0 0.0 0.0 -0.0667118579149
dataset-drone/1184.jpg 1.0 -0.0884281843901 -0.0 0.0 0.0 -0.0775700211525
dataset-drone/1185.jpg 1.0 -0.0884281843901 -0.0 0.0 0.0 -0.0667118579149
dataset-drone/1186.jpg 1.0 -0.0884281843901 -0.0 0.0 0.0 -0.0884281843901
dataset-drone/1187.jpg 1.0 -0.0884281843901 -0.0 0.0 0.0 -0.110144510865
dataset-drone/1188.jpg 1.0 -0.0884281843901 -0.0 0.0 0.0 -0.0992863476276
dataset-drone/1189.jpg 1.0 -0.0884281843901 -0.0 0.0 0.0 -0.110144510865
dataset-drone/1190.jpg 1.0 -0.0884281843901 -0.0 0.0 0.0 -0.131828710437
dataset-drone/1191.jpg 1.0 -0.0884281843901 -0.0 0.0 0.0 -0.0775700211525
dataset-drone/1192.jpg 1.0 -0.0884281843901 -0.0 0.0 0.0 -0.0
dataset-drone/1193.jpg 1.0 -0.0884281843901 -0.0 0.0 0.0 -0.0
dataset-drone/1194.jpg 1.0 -0.131828710437 -0.0 0.0 0.0 -0.0
dataset-drone/1195.jpg 1.0 -0.283778756857 -0.0 0.0 0.0 -0.0
dataset-drone/1196.jpg 1.0 -0.283778756857 -0.0 0.0 0.0 -0.0
dataset-drone/1197.jpg 1.0 -0.283778756857 -0.0 0.0 0.0 -0.0
dataset-drone/1198.jpg 1.0 -0.283778756857 -0.0 0.0 0.0 -0.0
dataset-drone/1199.jpg 1.0 -0.283778756857 -0.0 0.0 0.0 -0.0
